REGIAO:;SE
UF:;MG
ESTACAO:;PARACATU
CODIGO (WMO):;A571
LATITUDE:;-17,24444444
LONGITUDE:;-46,88166666
ALTITUDE:;705
DATA DE FUNDACAO:;16/03/18
Data;Hora UTC;PRECIPITAÇÃO TOTAL, HORÁRIO (mm);PRESSAO ATMOSFERICA AO NIVEL DA ESTACAO, HORARIA (mB);PRESSÃO ATMOSFERICA MAX.NA HORA ANT. (AUT) (mB);PRESSÃO ATMOSFERICA MIN. NA HORA ANT. (AUT) (mB);RADIACAO GLOBAL (Kj/m²);TEMPERATURA DO AR - BULBO SECO, HORARIA (°C);TEMPERATURA DO PONTO DE ORVALHO (°C);TEMPERATURA MÁXIMA NA HORA ANT. (AUT) (°C);TEMPERATURA MÍNIMA NA HORA ANT. (AUT) (°C);TEMPERATURA ORVALHO MAX. NA HORA ANT. (AUT) (°C);TEMPERATURA ORVALHO MIN. NA HORA ANT. (AUT) (°C);UMIDADE REL. MAX. NA HORA ANT. (AUT) (%);UMIDADE REL. MIN. NA HORA ANT. (AUT) (%);UMIDADE RELATIVA DO AR, HORARIA (%);VENTO, DIREÇÃO HORARIA (gr) (° (gr));VENTO, RAJADA MAXIMA (m/s);VENTO, VELOCIDADE HORARIA (m/s);
2023/01/01;0000 UTC;;934,6;934,6;933,8;;21,5;19,6;22,1;21,4;20,2;19,6;91;88;89;194;4;1,7;
2023/01/01;0100 UTC;;936,3;936,3;934,6;;20,9;19,2;21,5;20,9;19,6;19,2;91;88;90;100;8,1;3,7;
2023/01/01;0200 UTC;;935,7;937,1;935,7;0;19,7;17,8;21,1;18,9;19,5;17,3;92;88;88;249;11,5;1;
2023/01/01;0300 UTC;;935,6;935,8;935,6;;19,6;18,1;20;19,6;18,3;17,6;91;88;91;240;3,7;2,4;
2023/01/01;0400 UTC;;934,1;935,6;934,1;;19,9;18,6;19,9;19,5;18,6;18;92;91;92;243;3,8;1,7;
2023/01/01;0500 UTC;;933,1;934,1;933,1;;19,9;18,7;20;19,6;18,7;18,3;93;92;93;265;2,5;,9;
2023/01/01;0600 UTC;;932,8;933,2;932,7;;19,4;18,2;19,9;19,2;18,7;17,9;93;92;93;237;3,4;,6;
2023/01/01;0700 UTC;;932,8;932,8;932,6;;19,1;18,4;19,4;19;18,4;17,8;96;93;96;152;2,9;1,1;
2023/01/01;0800 UTC;;933,5;933,5;932,8;;19,6;19,4;19,6;19,1;19,4;18,4;99;96;99;332;2,3;1,1;
2023/01/01;0900 UTC;;934,1;934,1;933,5;15,8;20,2;19,9;20,2;19,6;19,9;19,5;99;98;98;316;2,6;1,3;
2023/01/01;1000 UTC;;934,7;934,7;934,1;90,4;20,5;19,3;20,5;20,2;19,9;19,2;98;93;93;137;2,3;,3;
2023/01/01;1100 UTC;;935,1;935,1;934,7;452,9;21,2;19,4;21,2;20,4;19,5;19,2;93;90;90;237;1,5;,6;
2023/01/01;1200 UTC;;935,8;935,8;935,1;569,6;21,8;19,5;21,8;21,2;19,7;19,4;90;86;87;166;2,6;1,1;
2023/01/01;1300 UTC;;935,7;935,8;935,7;658,2;22,6;19,6;22,6;21,8;20;19,2;87;83;83;69;3,2;1,9;
2023/01/01;1400 UTC;;935,3;935,7;935,3;1341,9;23,9;20,1;23,9;22,5;20,1;19,3;83;79;79;35;5,5;3,2;
2023/01/01;1500 UTC;;934,8;935,3;934,8;1714,2;25,2;20,1;25,2;23,7;20,4;19;79;72;73;63;5,6;2,3;
2023/01/01;1600 UTC;;934,1;934,8;934,1;2603,5;25,8;19,4;26,6;24,8;20,6;18,9;75;66;68;54;4,6;2,3;
2023/01/01;1700 UTC;;933,1;934,1;933,1;2569;27,6;18,4;28,5;25,8;21,3;18,4;72;57;57;26;4,5;2;
2023/01/01;1800 UTC;;931,9;933,1;931,9;2779,7;28,8;17,9;29,3;27;20,1;17,4;62;51;52;67;5,2;2,8;
2023/01/01;1900 UTC;;931;931,9;931;2643,8;28,8;18,1;29,3;28,5;19,3;17,4;57;50;52;19;6,3;2,6;
2023/01/01;2000 UTC;;930,8;931;930,6;1554,5;27,5;19,3;29,4;27,3;19,9;17,9;62;51;61;118;5,7;2,6;
2023/01/01;2100 UTC;;931;931;930,8;485,4;26,7;17,1;27,6;25,1;20,2;16,8;66;55;56;20;8,5;2,3;
2023/01/01;2200 UTC;;931,7;931,7;930,9;76,5;25,3;19,3;27;25,1;19,5;17,2;71;56;69;123;3,6;1,3;
2023/01/01;2300 UTC;;932,3;932,4;931,7;;23,9;19,6;25,3;23,9;19,8;19,3;77;69;77;109;2,7;1,1;
2023/01/02;0000 UTC;;933,1;933,2;932,3;;23,3;19,7;24,1;23,1;19,8;19,3;81;75;80;203;2,4;,9;
2023/01/02;0100 UTC;;933,7;933,7;933;;23,3;19,2;23,8;23,2;19,7;18,5;80;73;78;239;3,3;1,8;
2023/01/02;0200 UTC;;934,1;934,2;933,7;;23,2;19,1;23,9;22,8;19,4;18,8;80;73;78;145;5;2,5;
2023/01/02;0300 UTC;;933,5;934,1;933,5;;22,7;19,1;23,4;22,6;19,2;19;81;77;80;3;5,1;1,3;
2023/01/02;0400 UTC;;932,6;933,4;932,6;;22,9;18,8;23,4;22,7;19,2;18,7;80;76;78;30;4,5;2,2;
2023/01/02;0500 UTC;;;;;;;;;;;;;;;;;;
2023/01/02;0600 UTC;;932;932,1;931,8;;21,1;18,7;22,1;21,1;19,2;18,7;87;81;86;239;2,8;1,3;
2023/01/02;0700 UTC;;932,3;932,3;932;;20,9;18,5;21,4;20,9;19;18,5;87;85;87;225;2;1,1;
2023/01/02;0800 UTC;;932,4;932,4;932,2;;20,7;18,4;21,5;20,7;18,9;18,4;87;85;87;228;2,6;1,8;
2023/01/02;0900 UTC;;932,9;932,9;932,4;6,7;21,1;18,8;21,3;20,7;18,9;18,5;87;85;87;165;2,6;1;
2023/01/02;1000 UTC;;933,7;933,7;932,9;220;21,9;19,1;21,9;21,1;19,1;18,8;87;84;84;182;2,8;,8;
2023/01/02;1100 UTC;;933,6;934;933,6;1102,8;24;18,8;24,3;21,8;19,9;18,7;85;72;73;47;6,5;4,2;
2023/01/02;1200 UTC;;933,8;933,9;933,6;2219,8;25,5;18;25,6;24;19,5;18;74;63;64;34;7,2;4,8;
2023/01/02;1300 UTC;;934,1;934,1;933,8;3032,1;26,8;18,4;27,6;25,3;19,5;18;65;58;60;31;8,6;4,9;
2023/01/02;1400 UTC;;933,9;934,1;933,9;2287,2;27,4;18;27,7;26;19,1;17,4;62;56;57;37;8,6;4,7;
2023/01/02;1500 UTC;;933;933,9;933;2874,1;28,3;17,6;28,8;27,2;18,9;16,7;57;52;52;39;8,6;4,9;
2023/01/02;1600 UTC;;931,9;933;931,9;3048,6;29;17,9;29,3;27,7;18,6;17;56;49;51;33;8,5;3,5;
2023/01/02;1700 UTC;;930,6;931,9;930,6;2467,9;28,6;16,1;29,8;28,3;18,2;16,1;52;46;47;17;7,8;4,7;
2023/01/02;1800 UTC;;929,8;930,6;929,7;2855,6;30;15,7;30,1;28,5;17,4;15,5;50;41;42;22;8,1;4;
2023/01/02;1900 UTC;;928,6;929,8;928,6;2283,5;29,2;15;30,9;29,2;17,6;14,5;47;39;42;49;7,4;3,2;
2023/01/02;2000 UTC;;928,2;928,6;928,2;796;28,9;16,3;29,5;28,9;16,4;14,6;47;41;46;38;6,3;3,8;
2023/01/02;2100 UTC;;928,5;928,5;928,1;532,1;28,5;17,2;29;28,4;17,4;16;51;46;51;57;5,7;3,1;
2023/01/02;2200 UTC;;929,5;929,6;928,5;80,8;26,8;18;28,5;26,8;18;17,2;59;51;59;122;5,2;,8;
2023/01/02;2300 UTC;;929,9;929,9;929,4;;25,4;18,7;26,8;25,3;18,9;17,9;67;58;66;222;2,2;,8;
2023/01/03;0000 UTC;;931,2;931,2;929,9;;24,6;18,5;25,6;24,6;18,9;18,1;69;64;69;237;2,6;2;
2023/01/03;0100 UTC;;;;;;;;;;;;;;;;;;
2023/01/03;0200 UTC;;931,5;931,6;931,4;;24,5;18,9;25,1;24,5;18,9;18,4;71;67;71;194;1,9;1,2;
2023/01/03;0300 UTC;;931,1;931,5;931,1;;24;18,5;24,5;24;19;18,5;73;71;71;163;3,1;1,7;
2023/01/03;0400 UTC;;931;931,1;930,8;;21,3;19,5;24;21,3;19,5;18,5;89;71;89;249;8,3;4,8;
2023/01/03;0500 UTC;;931,4;931,6;930,9;,9;19,5;19,3;21,5;19,5;20;18,7;99;89;99;287;12,1;4,2;
2023/01/03;0600 UTC;;931,9;931,9;931,2;;19,2;18,9;19,7;18,9;19,5;18,7;99;98;98;158;7,6;1,1;
2023/01/03;0700 UTC;;931,7;932,2;931,7;;19;18,7;19,2;18,8;18,9;18,6;99;98;98;236;2,8;1,5;
2023/01/03;0800 UTC;;931,2;931,7;930,7;;19,7;19,4;19,8;18,9;19,4;18,6;98;98;98;238;5,7;1,6;
2023/01/03;0900 UTC;;931,5;931,5;931,2;,5;19,8;19,5;19,8;19,4;19,5;19,1;98;98;98;225;4;2,2;
2023/01/03;1000 UTC;;932,3;932,3;931,5;77,2;19,7;19,5;20,1;19,3;19,8;19;98;98;98;118;4;1,7;
2023/01/03;1100 UTC;;933,3;933,4;932,3;341,9;20,4;20,1;20,4;19,7;20,2;19,4;99;98;98;40;6,3;3,6;
2023/01/03;1200 UTC;;933,5;933,5;933,3;1063,5;21,9;21,7;21,9;20,4;21,7;20,1;99;98;99;77;5,5;2,4;
2023/01/03;1300 UTC;;934,4;934,4;933,5;705,8;21,7;19,3;22,4;21,6;22;19,2;99;86;86;153;4,5;,9;
2023/01/03;1400 UTC;;934,3;934,5;934,3;1442,3;23,5;19,6;23,5;21,7;20,2;18,9;88;77;79;113;3,8;1,7;
2023/01/03;1500 UTC;;933,7;934,3;933,7;1435,1;23,4;19,6;24,4;23,3;20,3;18,8;79;73;79;89;3,8;1,8;
2023/01/03;1600 UTC;;932,8;933,7;932,8;1458,9;23,8;19,5;24,5;23,2;20,5;19;80;75;77;39;5,9;3,2;
2023/01/03;1700 UTC;;931,4;932,8;931,4;2753;25,2;19,7;26,5;23,5;20,6;18,9;78;66;72;43;5,8;2,6;
2023/01/03;1800 UTC;;930,4;931,4;930,4;2637,1;26,9;20,5;26,9;24,9;21,5;18,8;76;64;68;92;5,3;2,4;
2023/01/03;1900 UTC;;930;930,4;930;1293,2;26,1;20;26,9;25,7;20,5;18,6;72;64;69;81;5,6;3,2;
2023/01/03;2000 UTC;;930,1;930,2;929,9;516,5;24,5;19,9;26,1;24,5;20,2;19,2;76;68;75;323;5,8;2,7;
2023/01/03;2100 UTC;;930,6;930,6;929,9;39,7;22,6;21,1;24,5;21,8;21,1;19,6;92;74;91;271;5,4;2;
2023/01/03;2200 UTC;;931,6;931,6;930,6;5,4;21,4;19,8;22,6;21,4;21;19,8;91;86;90;233;4,4;1,8;
2023/01/03;2300 UTC;;932,1;932,1;931,6;;21,1;19,2;21,4;21;19,7;19,1;91;89;89;237;3,6;1,9;
2023/01/04;0000 UTC;;932,5;932,5;932,1;;20,6;19,2;21,1;20,6;19,4;19;92;88;92;149;3;1;
2023/01/04;0100 UTC;;933,2;933,2;932,5;;20,9;19,4;21;20,6;19,5;19,2;92;90;91;243;1,6;,7;
2023/01/04;0200 UTC;;933,2;933,3;933,1;;20,7;19,4;21;20,6;19,7;19,2;92;91;92;359;1,6;,4;
2023/01/04;0300 UTC;;932,4;933,2;932,4;;20,4;19,1;20,8;20,3;19,5;19;93;92;92;194;1,4;,6;
2023/01/04;0400 UTC;;931,9;932,4;931,9;;20,8;19,6;20,8;20,4;19,6;19,1;93;92;93;31;1,6;1,2;
2023/01/04;0500 UTC;;931,4;931,9;931,4;;20,9;19,7;20,9;20,4;19,7;19,2;93;92;93;36;2;1,2;
2023/01/04;0600 UTC;;;;;;;;;;;;;;;;;;
2023/01/04;0700 UTC;;931,4;931,4;931,3;;21,1;20,9;21,1;21;20,9;20,7;99;98;98;357;3,8;1,4;
2023/01/04;0800 UTC;;931,4;931,4;931,3;;21,3;21;21,3;21,1;21;20,8;98;98;98;40;3,5;1,9;
2023/01/04;0900 UTC;;932,1;932,1;931,4;7,2;21,3;21;21,3;21,2;21,1;21;99;98;99;349;2,8;,7;
2023/01/04;1000 UTC;;932,7;932,7;932,1;130,8;21,8;21,6;21,8;21,3;21,6;21;99;99;99;349;2,2;1,4;
2023/01/04;1100 UTC;;933,2;933,2;932,7;431,2;22,4;19,6;22,5;21,8;21,6;19,5;99;84;84;7;3,9;2,3;
2023/01/04;1200 UTC;;933,8;933,8;933,2;986,4;23,8;19,4;23,8;22,4;19,8;19,2;85;76;76;356;4,5;2,8;
2023/01/04;1300 UTC;;933,8;933,9;933,8;1570,6;25,5;20,5;25,5;23,8;20,6;19,2;77;73;74;27;5;2,8;
2023/01/04;1400 UTC;;933,5;933,8;933,5;1253,5;25,2;19,6;25,5;24,9;20,1;19,4;74;71;71;358;5,8;3,5;
2023/01/04;1500 UTC;;932,6;933,6;932,6;1526,1;25,9;19,8;26,4;25,2;20,4;19,5;73;67;69;27;6,6;3,2;
2023/01/04;1600 UTC;;931,6;932,6;931,6;2410,8;27,4;19,3;28,2;25,7;20,7;18,6;70;58;61;22;6,9;3,7;
2023/01/04;1700 UTC;;930,5;931,6;930,5;1667,1;26,9;20,7;28,1;26,6;21;18,8;71;60;69;57;6,9;3,2;
2023/01/04;1800 UTC;;930,3;930,9;930,3;302,5;22,4;19,4;26,9;21,4;20,5;19;88;67;84;197;7,6;2;
2023/01/04;1900 UTC;;929,9;930,4;929,9;502,6;23,2;20,4;23,2;22,2;20,9;19,8;90;84;84;210;3,9;1;
2023/01/04;2000 UTC;;929,3;929,9;929,2;635,1;24,4;20,5;24,4;23,1;21,1;20,2;84;78;79;261;2,3;1;
2023/01/04;2100 UTC;;929,5;929,5;929,2;518,4;25;20,8;25,3;24,4;20,8;19,7;79;72;78;330;2,4;1;
2023/01/04;2200 UTC;;930,4;930,4;929,5;63,1;23,3;18,5;25;23,3;20,9;17,8;79;65;75;318;5,9;1,1;
2023/01/04;2300 UTC;;931;931;930,4;;21,6;19,1;23,3;21,4;19,2;18,5;87;74;86;243;3,5;1,9;
2023/01/05;0000 UTC;;931,8;931,8;931;;21,2;19,6;21,6;21;19,6;19,1;91;86;91;256;3,5;1,4;
2023/01/05;0100 UTC;;932,3;932,3;931,8;;21,4;19,8;21,4;21;19,8;19,5;91;90;91;8;2,3;,6;
2023/01/05;0200 UTC;;932,6;932,6;932,3;;20,9;19,7;21,4;20,9;19,9;19,6;93;91;93;157;2;,8;
2023/01/05;0300 UTC;;932,4;932,7;932,3;;21,3;20,1;21,3;20,9;20,1;19,7;93;93;93;340;1,6;,6;
2023/01/05;0400 UTC;;931,8;932,4;931,8;;21,5;20;21,6;21,3;20,2;20;93;91;91;336;2,2;1,1;
2023/01/05;0500 UTC;;931;931,8;931;;21,1;19,7;21,5;21,1;20;19,6;92;91;92;23;2,3;,8;
2023/01/05;0600 UTC;;930,9;931;930,7;;21,1;19,8;21,1;20,7;19,8;19,4;93;92;92;23;1,6;,8;
2023/01/05;0700 UTC;;930,9;931;930,8;;20,6;19,5;21,1;20,4;19,9;19,1;93;92;93;21;1,5;,6;
2023/01/05;0800 UTC;;931;931;930,9;;21,1;19,6;21,6;20,6;20,2;19,2;94;90;91;2;2,5;1,5;
2023/01/05;0900 UTC;;931,4;931,4;931;9,5;20,7;19,4;22,1;20,7;19,9;18,9;92;83;92;136;2,8;,9;
2023/01/05;1000 UTC;;932;932;931,4;290,6;22,1;20,2;22,1;20,7;20,3;19,4;94;89;89;29;3,2;1,1;
2023/01/05;1100 UTC;;932,5;932,5;932;555,6;22,7;20;22,7;22;20,2;19,7;89;84;84;44;2,9;1,1;
2023/01/05;1200 UTC;;933,2;933,2;932,5;1270;24,5;20,3;24,5;22,7;20,5;19,8;85;77;77;82;2,3;,9;
2023/01/05;1300 UTC;;933,3;933,4;933,2;2267,9;26,2;19;26,4;24,5;20,9;18,4;79;65;65;273;6,3;2,8;
2023/01/05;1400 UTC;;932,9;933,3;932,9;2181,6;26,5;17,6;26,9;26;19,9;17,3;67;57;58;301;6,7;3,4;
2023/01/05;1500 UTC;;932;932,9;932;3233,6;27,9;18,8;28;26,5;19;17,1;59;55;58;304;6,8;4,2;
2023/01/05;1600 UTC;;931,4;932;931,4;2509,2;25,5;18,6;28,6;24,9;20;17,8;74;55;66;283;9,9;2,9;
2023/01/05;1700 UTC;;930,4;931,4;930,3;3269,9;29,1;19;29,1;25,5;19,9;17,9;66;52;54;336;5,8;2,3;
2023/01/05;1800 UTC;;929,3;930,4;929,3;2336,2;29,7;19,3;29,7;28,2;20,3;18;58;53;54;300;6,2;3,2;
2023/01/05;1900 UTC;;928,6;929,3;928,6;2663,6;29,4;18,6;30,3;29,1;19,8;18;54;48;52;9;6,4;1,8;
2023/01/05;2000 UTC;;928,8;928,8;928,5;793,6;24,4;20,8;29,7;23,4;21,3;18,3;83;51;80;291;10;2,7;
2023/01/05;2100 UTC;;929,4;929,5;928,9;347,6;22,7;20,6;24,6;22,5;21,4;19,8;90;80;88;68;10,1;,6;
2023/01/05;2200 UTC;;930,2;930,2;929,3;26,6;22,7;19,8;23,1;22,5;20,8;19,7;88;83;84;327;6,6;3,5;
2023/01/05;2300 UTC;;931,3;931,3;930,2;;21,7;20;22,7;21,7;20,3;19,4;90;83;90;286;7,3;4,3;
2023/01/06;0000 UTC;;932,2;932,2;931,3;;21,5;19,5;21,7;21,4;20,2;19,5;91;88;88;304;6,5;3,2;
2023/01/06;0100 UTC;;932,5;932,6;932,2;;21,2;19,5;21,5;20,7;19,6;19,1;91;88;90;17;5,7;1,7;
2023/01/06;0200 UTC;;932,9;933;932,5;;21,3;19,8;21,5;21;20;19,4;92;89;91;350;4;2,5;
2023/01/06;0300 UTC;;932,4;932,9;932,4;;21;19,6;21,3;21;19,9;19,6;92;91;92;356;4,5;1,8;
2023/01/06;0400 UTC;;931,7;932,4;931,7;;20,8;19,6;21,1;20,8;19,8;19,5;93;92;92;358;5,5;3,8;
2023/01/06;0500 UTC;;931;931,7;930,9;;21,1;19,8;21,2;20,9;19,9;19,6;93;92;92;43;5,5;1,2;
2023/01/06;0600 UTC;;931,5;931,7;931;;20,7;19,7;21,3;20,7;20,2;19,6;94;92;94;187;4,2;1;
2023/01/06;0700 UTC;;931,4;931,7;931,1;;20,2;19,5;20,7;20,2;20,1;19,5;96;94;96;295;4,9;,6;
2023/01/06;0800 UTC;;931,7;931,7;931,4;;20,3;19,8;20,5;20,2;19,9;19,5;97;96;97;117;1,5;,6;
2023/01/06;0900 UTC;;932,3;932,3;931,7;,7;20,4;20,2;20,4;20,3;20,2;19,8;99;97;99;85;1,5;1;
2023/01/06;1000 UTC;;932,8;932,8;932,3;100,4;21,1;20,9;21,1;20,4;20,9;20,2;99;99;99;24;1,6;1,1;
2023/01/06;1100 UTC;;933,4;933,4;932,8;179,6;21,4;21;21,4;21,1;21,1;20,9;99;98;98;43;3,4;2;
2023/01/06;1200 UTC;;934,1;934,1;933,4;433,6;22;20,7;22;21,4;21,2;20,6;98;92;92;37;3,7;2,1;
2023/01/06;1300 UTC;;934,3;934,3;934,1;791,8;22,8;20,7;22,8;22;20,9;20,4;92;87;88;339;4;2,2;
2023/01/06;1400 UTC;;934,1;934,4;934,1;1045;23,3;20,8;23,3;22,4;20,9;20,2;89;84;85;339;6,2;3,4;
2023/01/06;1500 UTC;;933,6;934,1;933,6;1135,2;23,1;20,4;23,4;23,1;20,8;20,2;86;83;85;339;6,2;3,2;
2023/01/06;1600 UTC;;933,1;933,6;933,1;994;23,7;20,7;23,7;23,1;20,9;20,2;86;82;83;354;5,3;3;
2023/01/06;1700 UTC;;932,2;933,1;932,2;1257,5;24,2;20,9;24,4;23,6;21,3;20,5;85;80;82;354;5,8;3,2;
2023/01/06;1800 UTC;;931,5;932,2;931,5;1162,5;25,5;19,8;25,5;24,2;21,2;19,5;82;70;71;327;7,7;3,6;
2023/01/06;1900 UTC;;930,7;931,5;930,7;744,5;25,6;19,8;25,7;25,5;20,4;19,7;73;70;70;311;6,3;2,5;
2023/01/06;2000 UTC;;930,8;930,9;930,6;510,9;25,6;19,3;25,7;25,5;19,9;19,1;71;67;68;343;6,4;1,8;
2023/01/06;2100 UTC;;931,3;931,3;930,8;438,6;25,4;19,5;25,6;25,4;19,6;18,9;70;67;70;334;4,2;1,2;
2023/01/06;2200 UTC;;932;932;931,3;135,9;24,7;18,8;25,4;24,7;19,8;18,6;72;67;70;307;3,1;1,6;
2023/01/06;2300 UTC;;932,9;932,9;932;;23,2;19,6;24,7;23,2;19,7;18,3;81;68;80;276;2,6;,8;
2023/01/07;0000 UTC;;933,8;933,8;932,9;;23,1;18,5;23,3;22,9;19,5;18,5;81;75;75;280;3,2;1,7;
2023/01/07;0100 UTC;;934,5;934,5;933,8;;23;18,3;23,2;22,7;18,7;18,3;78;74;75;287;3,3;2,7;
2023/01/07;0200 UTC;;934,8;934,8;934,5;;21,7;19,2;23,1;21,3;19,3;18,2;88;74;86;71;3,3;,9;
2023/01/07;0300 UTC;;934,4;934,8;934,4;;22,5;18,3;22,5;21,7;19,2;18,3;86;78;78;319;3,1;2,5;
2023/01/07;0400 UTC;;934,2;934,4;934,2;;21,6;18,9;22,5;21,6;19,2;18,3;85;77;85;38;3,1;,8;
2023/01/07;0500 UTC;;933,9;934,2;933,9;;21,6;19,5;22;21,5;19,5;18,8;88;82;88;17;3;1,7;
2023/01/07;0600 UTC;;933,4;933,9;933,4;;21,3;19,9;21,6;21,3;19,9;19,5;92;88;92;18;3,1;1,5;
2023/01/07;0700 UTC;;933,3;933,4;933,3;;21,2;20;21,3;21,2;20;19,9;93;92;93;17;3,8;2,6;
2023/01/07;0800 UTC;;933,5;933,5;933,2;;21,1;19,8;21,2;21;20;19,8;93;92;92;13;4,3;2,2;
2023/01/07;0900 UTC;;934,1;934,1;933,5;,1;21;19,7;21,1;21;19,8;19,7;92;92;92;38;3,3;1,9;
2023/01/07;1000 UTC;;934,6;934,6;934,1;112,1;21,3;19,7;21,4;21;19,8;19,6;92;91;91;30;2,9;1,7;
2023/01/07;1100 UTC;;935,2;935,2;934,6;582,7;22,4;19,5;22,4;21,3;19,9;19,3;91;84;84;14;3,8;2,4;
2023/01/07;1200 UTC;;935,6;935,6;935,1;1345,7;23,2;19;23,5;22,3;19,7;18,9;84;77;77;22;4;2,5;
2023/01/07;1300 UTC;;935,7;935,8;935,6;2070,2;24,9;18,7;25,3;23,2;20;18,5;78;68;68;359;3,4;1,1;
2023/01/07;1400 UTC;;935,3;935,7;935,3;2363;25,5;18,2;27;24,9;20,1;17,8;70;61;64;210;3,9;1,2;
2023/01/07;1500 UTC;;935;935,4;935;412,8;20,4;18,7;25,9;20,4;20,3;18,2;90;64;90;341;9;3,4;
2023/01/07;1600 UTC;;934,2;935;934,2;382,5;21,9;19,4;21,9;20,4;19,7;18,6;90;85;86;17;6,3;1,8;
2023/01/07;1700 UTC;;932,9;934,2;932,9;996;23,2;19,6;23,3;21,9;20,2;19,2;88;78;80;14;3;1,7;
2023/01/07;1800 UTC;;932,5;932,9;932,5;1663,8;25,4;19,7;25,4;23,2;19,8;18,8;80;69;70;11;2,8;,9;
2023/01/07;1900 UTC;;932,3;932,6;932,1;950,2;24;19,2;25,5;24;20,6;18,5;77;67;75;309;7;3,8;
2023/01/07;2000 UTC;;931,6;932,3;931,6;501,9;23;20,1;24;22,7;20,4;19,1;86;75;84;153;5,3;,6;
2023/01/07;2100 UTC;;932;932;931,5;350,9;23,2;20,3;23,4;23;20,5;19,8;85;80;84;128;2,1;,6;
2023/01/07;2200 UTC;;932,8;932,8;932;58,8;23;20;23,4;23;20,3;19,6;84;81;83;13;3,8;,7;
2023/01/07;2300 UTC;;933,5;933,5;932,8;;22,3;19,7;23;22,2;19,9;19,4;86;81;86;73;2,9;1,4;
2023/01/08;0000 UTC;;934,1;934,1;933,5;;22,2;19,6;22,4;22,1;19,7;19,4;86;83;85;19;3,2;1,3;
2023/01/08;0100 UTC;;934,5;934,5;934,1;;21,9;19,7;22,3;21,8;19,7;19,4;88;84;87;42;2,7;1,3;
2023/01/08;0200 UTC;;934,7;934,7;934,4;;21,7;20,1;22;21,6;20,1;19,6;90;87;90;336;1,9;,5;
2023/01/08;0300 UTC;;934,5;934,7;934,5;;21,2;19,7;21,8;21,2;20,1;19,5;91;88;91;310;3,6;2,4;
2023/01/08;0400 UTC;;933,7;934,5;933,7;;21,1;19,6;21,5;21,1;19,9;19,6;91;90;91;227;3,6;1;
2023/01/08;0500 UTC;;933,3;933,7;933,3;;20,5;19,6;21,1;20,5;19,6;19,3;94;91;94;211;3,3;1,4;
2023/01/08;0600 UTC;;933;933,3;932,9;;20,5;19,8;20,6;20,5;19,9;19,6;96;94;96;240;2,3;1,3;
2023/01/08;0700 UTC;;933,1;933,1;933;;20,4;19,5;20,5;20,4;19,9;19,5;96;94;94;226;1,9;1;
2023/01/08;0800 UTC;;933,1;933,1;932,9;;20,6;19,7;20,6;20,4;19,7;19,4;94;94;94;17;1,3;,7;
2023/01/08;0900 UTC;;933,6;933,6;933,1;5,2;20,2;19,3;20,7;20,2;19,7;19,3;95;94;95;225;1,4;,7;
2023/01/08;1000 UTC;;934,5;934,5;933,6;119,8;21,1;20,4;21,1;20,2;20,4;19,4;96;95;96;74;1,6;1;
2023/01/08;1100 UTC;;935,2;935,2;934,5;415,2;22,2;20,7;22,2;21,1;20,7;20,3;96;91;91;77;2,8;1;
2023/01/08;1200 UTC;;935,9;935,9;935,2;1064,7;23,2;19,6;23,6;22;21;19,4;91;79;80;29;2,7;1,5;
2023/01/08;1300 UTC;;936,1;936,1;935,9;1785,8;24,8;19;25,2;23,2;20,7;18,8;82;70;70;48;3,6;2,1;
2023/01/08;1400 UTC;;935,5;936,1;935,5;2836;25,8;19,7;26,2;24,6;20,5;18,8;74;67;69;41;6,7;4;
2023/01/08;1500 UTC;;934,5;935,5;934,5;2540;26,4;19,6;26,6;25,4;20,5;18,8;71;63;66;6;6,9;2,5;
2023/01/08;1600 UTC;;933,7;934,5;933,7;1630,1;26;20;26,9;24,9;20,4;18,3;76;62;69;104;5,1;1,1;
2023/01/08;1700 UTC;;933,7;933,7;933,4;348,9;22,9;20,1;26;22,8;21,2;19,2;88;67;84;167;5,5;1,6;
2023/01/08;1800 UTC;;932,4;933,7;932,4;428,1;22,1;20,5;22,9;21,6;20,8;19,3;91;84;91;157;6;2,6;
2023/01/08;1900 UTC;;933;933,4;932,4;136,2;20,4;20,2;22,1;20,2;20,7;18,9;99;90;99;271;10,9;1,2;
2023/01/08;2000 UTC;;933,1;933,2;932,8;33,7;20,9;20,6;20,9;20,4;20,6;20,2;99;98;98;26;4,4;1,2;
2023/01/08;2100 UTC;;933,1;933,2;933,1;22,6;20,7;20,4;21;20,7;20,6;20,4;98;98;98;51;3;1,4;
2023/01/08;2200 UTC;;933,6;933,6;933,1;5;20,2;19,9;20,7;20,2;20,4;19,9;98;98;98;120;2,4;,6;
2023/01/08;2300 UTC;;934,5;934,5;933,6;;20,6;20,3;20,7;20,2;20,3;19,9;98;98;98;245;3;,6;
2023/01/09;0000 UTC;;935;935;934,5;;20,2;19,9;20,6;20,2;20,3;19,9;98;98;98;112;2;1,4;
2023/01/09;0100 UTC;;935,4;935,4;935;;20,5;20,2;20,5;20,2;20,2;19,8;98;98;98;337;2;,6;
2023/01/09;0200 UTC;;935,5;935,5;935,3;;20,3;20;20,6;20,2;20,3;19,9;98;98;98;230;1,8;,7;
2023/01/09;0300 UTC;;934,5;935,5;934,5;;20,1;19,8;20,4;20,1;20,1;19,8;98;98;98;102;2,5;1,7;
2023/01/09;0400 UTC;;933,6;934,5;933,6;;20,2;19,9;20,2;20;19,9;19,7;98;98;98;25;2,5;,8;
2023/01/09;0500 UTC;;933,4;933,6;933,4;;20,2;19,9;20,2;20,1;19,9;19,8;98;98;98;30;2,6;1,7;
2023/01/09;0600 UTC;;933,1;933,4;933;;20;19,7;20,2;19,9;19,9;19,7;98;98;98;78;2,9;1,3;
2023/01/09;0700 UTC;;933,3;933,4;933;;19,8;19,5;20;19,8;19,7;19,5;98;98;98;6;2,2;1,1;
2023/01/09;0800 UTC;;933,8;933,8;933,3;;20;19,7;20;19,8;19,7;19,5;98;98;98;65;2,4;1,6;
2023/01/09;0900 UTC;;934,3;934,3;933,8;,9;19,9;19,6;20;19,9;19,7;19,6;98;98;98;22;3,5;1,8;
2023/01/09;1000 UTC;;934,8;934,8;934,3;42,1;20,1;19,8;20,1;19,9;19,8;19,6;98;98;98;82;3;,6;
2023/01/09;1100 UTC;;935,2;935,2;934,8;477,6;21,1;20,9;21,1;20,1;20,9;19,8;99;98;99;104;2;1,1;
2023/01/09;1200 UTC;;935,8;935,8;935,2;766,6;22;20;22;21;21,4;19,8;99;88;88;67;2,6;1,2;
2023/01/09;1300 UTC;;936;936,1;935,8;2213,1;23,9;19,9;23,9;22;20,3;18,9;88;75;78;40;5,1;3,2;
2023/01/09;1400 UTC;;935,5;936;935,5;1927,9;24,4;19,7;24,7;23,2;20,3;18,7;78;72;75;48;6,9;3,7;
2023/01/09;1500 UTC;;934,8;935,5;934,8;2832,7;25,3;19,3;25,8;24,3;20,2;18,7;76;67;69;31;8;4,6;
2023/01/09;1600 UTC;;933,7;934,8;933,7;3564,3;26,5;19,2;27,3;25,1;20,5;18,7;71;63;64;27;8,2;5;
2023/01/09;1700 UTC;;933,1;933,7;933;1424,2;26,2;18,9;26,9;25,6;19,8;18,3;67;60;64;23;8,2;2,6;
2023/01/09;1800 UTC;;932,4;933,1;932,4;539,4;22;19,5;26,5;21,4;19,9;18,6;88;62;86;304;6,4;3,2;
2023/01/09;1900 UTC;;932;932,4;931,9;533,1;23,9;19,3;23,9;21,9;20,3;19,2;87;76;76;307;5,4;1,6;
2023/01/09;2000 UTC;;932;932,1;931,9;628,6;24;19,4;24,3;23,5;20,4;18,9;83;73;75;292;4,5;2,3;
2023/01/09;2100 UTC;;932,3;932,3;931,8;265,7;23,6;19,3;24,2;23,6;19,8;18,7;78;72;77;215;4,5;,7;
2023/01/09;2200 UTC;;932,8;932,8;932,3;54,6;22,8;20;23,6;22,7;20,1;19,2;85;77;84;253;2,3;1;
2023/01/09;2300 UTC;;933,5;933,5;932,8;;22,5;19,3;22,8;22,4;19,9;19,2;84;81;82;267;3,3;1,4;
2023/01/10;0000 UTC;;934,2;934,2;933,5;;21,9;19,5;22,7;21,8;19,6;19,3;87;82;87;231;3,6;,9;
2023/01/10;0100 UTC;;934,6;934,7;934,2;;21,3;19,6;21,9;21,3;19,9;19,4;90;87;90;250;1,9;,7;
2023/01/10;0200 UTC;;935,1;935,1;934,6;;21,5;19,8;21,5;21,1;19,8;19,5;91;90;90;242;2,5;1,2;
2023/01/10;0300 UTC;;934,9;935,2;934,8;;20,9;19,4;21,7;20,8;19,9;19,3;92;89;91;247;2,5;2;
2023/01/10;0400 UTC;;934,6;934,9;934,5;;20,5;19,1;21,1;20,5;19,4;18,7;92;89;92;1;2,5;1,3;
2023/01/10;0500 UTC;;934,3;934,6;934,2;;20,3;19;20,6;19,9;19,4;18,5;93;92;92;262;1,7;1,2;
2023/01/10;0600 UTC;;933,8;934,3;933,8;;19,5;18,4;20,4;19,5;19,1;18,4;93;92;93;228;1,5;,7;
2023/01/10;0700 UTC;;933,8;933,9;933,8;;19,6;18,7;19,9;19,5;19;18,4;95;93;95;76;2,4;,2;
2023/01/10;0800 UTC;;934;934;933,8;;19,3;18,4;19,7;19,3;18,9;18,4;95;95;95;5;1,1;,5;
2023/01/10;0900 UTC;;934,4;934,4;934;6,5;18,3;17,6;19,3;18,2;18,5;17,4;96;95;96;259;1,6;,6;
2023/01/10;1000 UTC;;934,7;934,7;934,4;348,2;20,4;20,2;20,4;18,3;20,2;17,6;99;96;99;257;1,9;,6;
2023/01/10;1100 UTC;;935,3;935,3;934,7;1145,9;23,1;20;23,1;20,4;20,5;18,7;99;82;83;132;2,2;1;
2023/01/10;1200 UTC;;935,8;935,8;935,3;1982,1;24;19;24,2;22,5;20;18,6;83;72;74;159;2,7;1,4;
2023/01/10;1300 UTC;;935,8;935,9;935,8;2909,2;25,8;18,6;26,2;24;20,1;17,8;75;63;65;35;3,7;1,3;
2023/01/10;1400 UTC;;935,7;935,9;935,7;3457,1;27,2;19,2;27,3;25,8;19,6;18,4;66;59;62;27;4,9;2,7;
2023/01/10;1500 UTC;;935,3;935,7;935,2;3137,2;27,5;18,3;28,7;26,9;20,2;17,4;61;52;57;336;6;2,1;
2023/01/10;1600 UTC;;934,3;935,3;934,3;2859,4;28,1;17,6;28,9;25,5;20,9;17,2;74;51;53;222;4,9;1,5;
2023/01/10;1700 UTC;;933,6;934,3;933,6;2117,5;24,4;19,5;30;24,4;20,9;17,3;76;48;74;33;8,3;3,4;
2023/01/10;1800 UTC;;932,6;933,6;932,6;1441,3;26,8;19,6;26,8;24,3;20,4;18,5;78;64;65;24;6,1;3,6;
2023/01/10;1900 UTC;;931,6;932,7;931,6;3075;27,4;18,5;28,1;26,8;19,7;17;65;53;58;19;5,5;2,7;
2023/01/10;2000 UTC;;931,7;931,8;931,5;414,6;26,1;18,6;27,4;26,1;19;18,3;64;58;64;343;5,5;2;
2023/01/10;2100 UTC;;931,8;932,1;931,7;231,3;25,9;18,3;26,2;25,8;19,6;17,7;69;60;63;74;3,9;1;
2023/01/10;2200 UTC;;931,9;931,9;931,5;57,2;24,1;20,3;26;24,1;20,6;18,4;80;63;79;28;4,6;2;
2023/01/10;2300 UTC;;933,5;933,5;932;;23,8;20;24,5;23,8;20,6;19,5;81;73;79;336;3,8;,6;
2023/01/11;0000 UTC;;933,6;933,8;933,5;;22,9;19,8;24,4;22,8;20,4;19,8;84;77;83;242;2,9;2;
2023/01/11;0100 UTC;;934,3;934,3;933,5;;22,3;19,4;23,1;22,3;20;19,3;85;82;83;242;3,6;1,7;
2023/01/11;0200 UTC;;935;935,2;934,3;;22,6;19,5;22,9;22,3;19,5;18,9;83;78;83;280;2,8;,9;
2023/01/11;0300 UTC;;934,7;935;934,6;;22,3;19,4;22,6;21,3;19,6;18,6;86;83;84;292;2,2;1,1;
2023/01/11;0400 UTC;;934,9;935;934,6;;21,9;18,6;22,9;21,9;19,3;18,6;84;79;81;272;8,7;3,8;
2023/01/11;0500 UTC;;934,7;934,9;934,6;;21,1;17,4;21,9;21;18,5;17,3;81;79;79;279;10,4;5,4;
2023/01/11;0600 UTC;;934;934,7;934;;20,9;17;21,2;20,8;17,4;16,7;80;76;79;274;10,4;3,9;
2023/01/11;0700 UTC;;933,5;934;933,4;;20,4;16,6;21,4;20,3;17,1;16,5;81;75;79;261;8,4;1,6;
2023/01/11;0800 UTC;;933,9;933,9;933,5;;20,6;16,7;20,6;19,9;17;16,7;83;78;78;341;4,3;1,5;
2023/01/11;0900 UTC;;934,7;934,7;933,9;2,2;19,3;16,8;20,6;19,3;17,1;16,7;86;78;86;162;2,3;,5;
2023/01/11;1000 UTC;;935,4;935,4;934,7;267,2;20,6;17,3;20,6;19;17,4;16,8;87;81;81;231;2,9;1,7;
2023/01/11;1100 UTC;;935,6;935,6;935,3;1314,5;23,1;16,5;24,2;20,6;18,3;16,5;81;65;67;70;2,9;1,5;
2023/01/11;1200 UTC;;936,2;936,2;935,6;2140,8;24,5;17,9;24,6;23,1;18,7;16,5;71;64;67;53;4,4;2,3;
2023/01/11;1300 UTC;;936,4;936,4;936,2;2395,4;25,7;17,8;26,1;24;19;17;70;59;62;339;4,5;1,7;
2023/01/11;1400 UTC;;935,7;936,4;935,7;3059,5;27,2;18,6;27,4;25,7;18,9;16,2;63;55;60;2;5,8;1,7;
2023/01/11;1500 UTC;;935;935,7;935;3120,5;28,7;18,4;29,1;27,2;19,6;17,5;62;51;54;31;5,6;2,5;
2023/01/11;1600 UTC;;933,7;935;933,7;3258,9;28,3;18;29,9;27,9;19,7;17,6;57;50;53;22;6,5;2,3;
2023/01/11;1700 UTC;;932,8;933,7;932,8;2173,5;29;19,2;29,9;28,3;19,6;17,5;58;49;56;13;5,4;1,5;
2023/01/11;1800 UTC;;932,8;932,8;932,3;524,9;22,1;18,8;29;22;20,7;18,2;81;52;81;276;15,8;7,9;
2023/01/11;1900 UTC;;931,9;933,3;931,9;178,3;21,8;19,1;22,1;19,6;19,1;16,4;86;76;85;223;16,2;1,3;
2023/01/11;2000 UTC;;931,6;932;931,6;245,8;22,2;19,7;22,7;21,7;19,8;18,8;86;78;86;62;3;,7;
2023/01/11;2100 UTC;;931,4;931,7;931,2;381,7;24,3;19,8;24,4;22,1;20,2;19,4;86;75;76;327;2,1;,7;
2023/01/11;2200 UTC;;932;932;931,3;75,9;23,7;20,3;24,3;23;21;19,6;87;75;81;333;2,2;1,3;
2023/01/11;2300 UTC;;932,7;932,7;932;;22;19,9;23,9;21,8;20,7;19,6;89;78;88;244;2,8;2,1;
2023/01/12;0000 UTC;;933,4;933,4;932,7;;21,9;19,6;22,9;21,6;20,4;19,3;89;83;87;234;3,4;1,3;
2023/01/12;0100 UTC;;934,1;934,1;933,4;;21,9;19,7;22,7;21,7;19,7;18,3;88;77;88;214;2,8;,1;
2023/01/12;0200 UTC;;934,1;934,3;934,1;;22,4;18,8;22,4;21,1;19,8;18,8;89;80;80;307;2,6;1,9;
2023/01/12;0300 UTC;;933,9;934,1;933,9;;22;19,3;22,4;21,1;19,4;18,7;88;80;85;229;2,6;,5;
2023/01/12;0400 UTC;;933,4;933,9;933,4;;21,5;19,3;22;21,4;19,6;18,7;88;84;87;314;1,9;,7;
2023/01/12;0500 UTC;;932,6;933,4;932,6;;21,2;18,5;21,7;21,1;19,5;18,5;88;84;84;223;2,3;,5;
2023/01/12;0600 UTC;;932,8;932,8;932,6;;20,9;18,5;21,3;20,4;19,2;18,1;89;84;86;161;1,8;,4;
2023/01/12;0700 UTC;;932,8;932,8;932,7;;22,2;18,5;22,2;20,8;19,1;18,3;88;80;80;273;2;1;
2023/01/12;0800 UTC;;932,8;932,8;932,6;;20,3;18,9;22,2;20,3;19,2;18,2;92;80;92;147;2,4;,9;
2023/01/12;0900 UTC;;933,4;933,4;932,8;;20,4;18,6;21;20,3;19,3;18,6;92;88;89;211;2,5;1;
2023/01/12;1000 UTC;;933,9;933,9;933,4;140,8;20,9;18,8;20,9;20,4;18,8;18,6;89;87;87;220;1,7;1,1;
2023/01/12;1100 UTC;;934,4;934,4;933,9;916,8;23,3;19;23,6;20,9;19,8;18,7;87;77;77;154;4,1;1,8;
2023/01/12;1200 UTC;;934,6;934,6;934,4;2272,8;25,4;20;25,7;23,1;20,5;18,9;79;70;72;124;5,7;3;
2023/01/12;1300 UTC;;935;935;934,5;2381;25,8;18,9;26,4;25;20,6;18,3;74;63;65;86;5,7;1,7;
2023/01/12;1400 UTC;;934,1;935;934,1;2680,8;27,1;19,6;27,9;25,5;20,8;18,6;73;61;64;139;4,8;1,8;
2023/01/12;1500 UTC;;933,4;934,1;933,4;880,2;25,1;20,7;27,3;25,1;20,8;18,3;77;60;77;214;4,2;1,1;
2023/01/12;1600 UTC;;932,5;933,4;932,5;1303,2;25,2;20,2;26,1;25;21,6;19,8;81;69;74;30;4,8;2,1;
2023/01/12;1700 UTC;;931,9;932,8;931,6;1061;25,6;21,4;25,6;24,1;21,5;20,3;82;74;78;152;4,5;1;
2023/01/12;1800 UTC;;930,4;932;930,4;2728,4;26,8;18,8;26,9;24,3;21,1;18,6;78;61;62;269;7;1,2;
2023/01/12;1900 UTC;;929,9;930,5;929,8;1291,7;27,2;18,8;27,5;26,7;19,3;17,8;63;56;60;43;2,7;1,6;
2023/01/12;2000 UTC;;929,6;929,9;929,5;762,9;25,8;20,6;27,3;25,8;20,7;18,6;73;60;73;96;6,1;3,2;
2023/01/12;2100 UTC;;930,1;930,1;929,6;250,3;24,9;20;25,8;24,9;20,7;19,9;76;71;74;29;5;2,7;
2023/01/12;2200 UTC;;930,7;930,7;930,1;83,1;23,6;19,9;24,9;23,5;20,4;19,7;80;74;80;20;6,5;2,9;
2023/01/12;2300 UTC;;931,1;931,2;930,7;;22,7;19,6;23,6;22,7;20;19,6;83;80;83;40;4,8;2,3;
2023/01/13;0000 UTC;;931,7;931,7;931,1;;22,3;19,4;22,7;22,3;19,6;19,2;84;81;84;352;3,8;1;
2023/01/13;0100 UTC;;932,1;932,2;931,7;;21,6;19,3;22,5;21,4;19,5;19,2;87;83;87;271;2,2;1,1;
2023/01/13;0200 UTC;;932,3;932,3;932,1;;21,8;19,5;22,1;21,1;19,6;19;89;85;87;8;1,6;,8;
2023/01/13;0300 UTC;;932;932,4;932;;21;19,2;21,9;21;19,7;19,1;90;86;90;69;1,5;,8;
2023/01/13;0400 UTC;;931,7;932;931,7;;20,8;18,6;21,3;20,8;19,5;18,6;90;87;87;276;2,7;1,1;
2023/01/13;0500 UTC;;931,4;931,7;931,3;;20,1;18,2;21,2;20,1;19,3;18,2;89;87;89;232;2,5;1,2;
2023/01/13;0600 UTC;;931,5;931,5;931,3;;20,2;18,8;20,3;19,8;18,8;18,1;91;89;91;198;2,3;,3;
2023/01/13;0700 UTC;;931,4;931,5;931,3;;20,7;18,6;20,7;19,8;18,8;18,3;91;88;88;274;2,4;,9;
2023/01/13;0800 UTC;;931,4;931,4;931,2;;19,6;18,2;20,7;19,5;18,7;17,8;91;88;91;125;1,5;,6;
2023/01/13;0900 UTC;;932,3;932,3;931,4;4,3;20,8;18,7;20,8;19,6;18,9;18,1;91;88;88;259;1,1;,4;
2023/01/13;1000 UTC;;933;933;932,3;236,3;21,9;19,2;21,9;20,8;19,3;18,8;88;85;85;262;1,8;,5;
2023/01/13;1100 UTC;;933,6;933,6;933;1085,3;23,7;18,9;24,2;21,9;19,8;18,7;86;73;74;17;1,8;1,1;
2023/01/13;1200 UTC;;933,8;933,8;933,6;1229,4;25,3;19,4;25,4;23,7;20,1;18,8;75;69;70;286;2,3;,6;
2023/01/13;1300 UTC;;934;934;933,8;2367,7;26,4;20;27,3;25;21,5;18,7;72;65;68;94;4,7;2,4;
2023/01/13;1400 UTC;;933,4;934;933,3;1843,8;28,3;19,9;28,3;26,1;20,6;19,1;70;59;60;83;4,8;2;
2023/01/13;1500 UTC;;932,5;933,4;932,5;1978,3;27,6;18,8;28,3;27,2;19,7;18,5;63;57;59;63;5,1;1,4;
2023/01/13;1600 UTC;;931,5;932,5;931,5;2506,2;28,7;18,8;29,7;27,6;20,5;18,4;64;52;55;333;4,2;2,6;
2023/01/13;1700 UTC;;930,4;931,5;930,4;2915,6;29,6;17,9;30;28,6;19,1;16,9;56;46;49;77;4,9;1,4;
2023/01/13;1800 UTC;;930;930,4;929,9;2710;29,2;19,3;31,1;28,9;19,9;16,2;57;43;55;324;8;4,4;
2023/01/13;1900 UTC;;930,3;930,6;929,7;458,6;24;19,7;29,2;24;19,8;18;77;55;77;117;9,3;1,6;
2023/01/13;2000 UTC;;929,8;930,3;929,5;118,3;22,9;19,9;24;22,7;20,3;19,7;84;77;83;73;5,3;2,3;
2023/01/13;2100 UTC;;931,3;931,3;929,8;98;23,7;19,1;23,9;22,9;19,9;19,1;83;75;76;35;5,5;3,6;
2023/01/13;2200 UTC;;932,6;932,6;931,3;13,1;24,1;18,8;24,2;23,6;19,8;18,8;77;72;72;323;5,3;2,9;
2023/01/13;2300 UTC;;932,7;932,8;932,6;;22,5;18,4;24,1;22,5;19,1;18,3;77;72;77;253;4,9;2,6;
2023/01/14;0000 UTC;;933,3;933,3;932,7;;22;18,5;22,5;22;18,5;18,2;81;77;81;240;6,4;3,1;
2023/01/14;0100 UTC;;934,1;934,1;933,3;;21,2;18,9;22;21,2;18,9;18,5;87;81;87;239;6,4;1,9;
2023/01/14;0200 UTC;;934,1;934,1;934;;21;18,5;21,2;21;18,9;18,5;87;85;86;209;5,3;1,9;
2023/01/14;0300 UTC;;934;934,1;934;;21,5;18,3;21,5;21;18,7;18,3;86;82;82;207;4,2;1,2;
2023/01/14;0400 UTC;;933,7;934,1;933,7;;21,1;18,6;21,5;21;18,7;18,1;86;82;86;181;2,8;,8;
2023/01/14;0500 UTC;;933;933,7;933;;21,1;18,1;21,1;20,6;18,6;18,1;88;83;83;260;1,8;1,1;
2023/01/14;0600 UTC;;932,3;933;932,3;;20,8;17,9;21,2;20,5;18,5;17,8;88;81;84;234;3,2;1,6;
2023/01/14;0700 UTC;;932,8;932,8;932,3;;20,8;18,3;20,8;20,1;18,5;17,9;90;84;86;342;2,5;,9;
2023/01/14;0800 UTC;;932,9;932,9;932,8;;19,8;17,9;20,8;19,8;18,4;17,9;89;85;89;210;1,8;1,2;
2023/01/14;0900 UTC;;933,1;933,1;932,8;;19,7;17,8;19,9;19,5;18,1;17,8;91;89;89;205;2,4;1,1;
2023/01/14;1000 UTC;;934;934;933,1;139,4;20,4;18,8;20,4;19,6;18,8;17,8;91;88;91;86;1,7;,8;
2023/01/14;1100 UTC;;934,5;934,5;934;732,3;22,2;18,3;22,4;20,4;19,4;18,2;91;78;78;86;2,5;1,5;
2023/01/14;1200 UTC;;934,8;934,8;934,5;1016,7;22,9;19;22,9;22,1;19,3;18,1;82;78;79;97;4,7;1,7;
2023/01/14;1300 UTC;;935;935;934,8;1842,3;24,3;19,2;24,7;22,8;19,8;18,4;80;71;73;63;4,7;3;
2023/01/14;1400 UTC;;934,8;935,1;934,8;2100,9;25,4;20;25,4;24;20;18,6;74;70;72;25;4,9;2,4;
2023/01/14;1500 UTC;;934,1;934,8;934,1;3722,7;26,6;18,3;26,6;24,7;20,5;18,2;72;60;60;25;5,7;2,8;
2023/01/14;1600 UTC;;933,5;934,1;933,5;3296,5;28,1;17,3;28,2;26,4;19,4;17,1;63;52;52;61;5,3;2,6;
2023/01/14;1700 UTC;;932,4;933,5;932,4;3123,1;28,9;18,2;30;27,4;19,7;16,6;59;49;52;35;5,6;2,4;
2023/01/14;1800 UTC;;931,7;932,4;931,7;3323,8;29,2;17,3;29,9;28,5;19,3;15,5;56;42;49;20;6,5;2,6;
2023/01/14;1900 UTC;;931,3;931,7;931,3;2520,8;29,7;14,5;30,1;29;18;13,8;50;38;40;48;6;1,3;
2023/01/14;2000 UTC;;930,8;931,3;930,8;1645,9;30;19,3;30,6;29,6;19,3;15,1;53;40;53;112;4,6;1,4;
2023/01/14;2100 UTC;;931,4;931,4;930,8;1022,5;29,4;18,9;30,2;29,4;19,5;17,6;55;48;53;123;3,9;,9;
2023/01/14;2200 UTC;;932,3;932,3;931,4;96,7;27,8;18,8;29,4;27,8;19,3;17,9;58;52;58;246;2,3;,8;
2023/01/14;2300 UTC;;932,8;932,8;932,3;;26;19,9;27,8;25,7;20,4;18,2;72;56;69;220;1,6;,8;
2023/01/15;0000 UTC;;933,8;933,9;932,8;;25,8;19,2;26;25;20;18,2;73;64;67;332;3,2;1,7;
2023/01/15;0100 UTC;;934;934,2;933,8;;24,4;19;27,1;24,4;19,3;18,5;72;60;72;280;6,2;3,7;
2023/01/15;0200 UTC;;934,4;934,4;934;;23,6;19,3;24,4;23,1;19,4;19;78;72;77;145;6,5;,6;
2023/01/15;0300 UTC;;933,8;934,4;933,8;;22,1;18,9;23,6;22,1;19,3;18,9;82;76;82;246;2;1,4;
2023/01/15;0400 UTC;;933,7;933,9;933,6;;22,4;18,6;23;22;19,1;18,5;83;77;79;250;3,4;2;
2023/01/15;0500 UTC;;933,3;933,7;933,2;;22,6;17,6;22,7;22,4;18,6;17,4;79;73;73;254;5,1;1,5;
2023/01/15;0600 UTC;;932,8;933,4;932,8;;21,9;17,6;22,6;21,5;17,9;17,4;79;73;76;238;3,8;,8;
2023/01/15;0700 UTC;;933,1;933,1;932,7;;21,9;17,4;21,9;21,1;17,7;17,4;80;76;76;209;1,7;1;
2023/01/15;0800 UTC;;933,3;933,3;933,1;;21,2;17,6;21,9;21,1;17,7;17,3;80;75;80;209;2,4;,3;
2023/01/15;0900 UTC;;934,1;934,1;933,3;,6;21,6;19;21,7;20,8;19;17,5;85;80;85;42;4,6;2,5;
2023/01/15;1000 UTC;;934,6;934,6;934,1;265,2;22,6;19,4;22,6;21,6;19,5;18,9;86;82;82;3;4,2;,4;
2023/01/15;1100 UTC;;935,4;935,4;934,6;864,7;24,7;20,1;24,7;22,6;20,3;19,1;82;76;76;109;2,5;1,1;
2023/01/15;1200 UTC;;936;936;935,4;1203;24,5;20,2;25,7;24,3;20,8;19,8;78;73;77;16;4,5;2,2;
2023/01/15;1300 UTC;;936,1;936,2;936;1638,8;25,4;20;26,5;24,4;21,1;19,9;78;70;72;352;4,7;1,4;
2023/01/15;1400 UTC;;935,5;936,1;935,5;3260,6;28;19,4;28,6;25,4;21;18,7;74;58;60;61;5,8;2,1;
2023/01/15;1500 UTC;;934,9;935,5;934,9;3064,7;28,8;18,8;29,5;27,7;21,8;18,8;67;54;55;58;5,4;1,9;
2023/01/15;1600 UTC;;934;934,9;934;4055,3;30,3;19,4;31;28,5;21,2;18,7;60;50;52;105;5,2;2,1;
2023/01/15;1700 UTC;;933,1;934;933,1;2382,3;30,1;19,3;30,8;28,8;21;18,6;59;50;53;65;6,5;3;
2023/01/15;1800 UTC;;932,1;933,1;932,1;2730,3;31,5;19,1;31,5;29;21,1;17,8;59;46;48;118;5,5;2,5;
2023/01/15;1900 UTC;;931,3;932,1;931,2;2296,7;31,4;19,6;31,4;29,5;20,7;17,8;54;45;49;109;7,4;3,6;
2023/01/15;2000 UTC;;930,7;931,3;930,6;1533,5;29,5;19,1;31,7;29,4;20,1;17,9;55;45;54;93;7,4;3,3;
2023/01/15;2100 UTC;;930,9;931;930,7;809,5;29,5;18,7;30,7;29,4;19,5;18,2;54;49;52;83;6;2,3;
2023/01/15;2200 UTC;;931,6;931,6;930,9;56,2;28,6;18,7;29,5;28,6;18,7;18,3;55;52;55;116;3,9;,7;
2023/01/15;2300 UTC;;932,4;932,4;931,6;;27,3;20;28,6;27,2;20;18,8;65;55;65;330;5;2,3;
2023/01/16;0000 UTC;;932,3;932,7;932,3;;25,1;18,6;27,3;25,1;20,1;18,3;67;64;67;262;7;2,6;
2023/01/16;0100 UTC;;934,5;934,5;932,3;;23,8;18,6;25,1;23,8;18,8;18,4;73;67;73;181;9,2;4,2;
2023/01/16;0200 UTC;;934;934,8;934;;20,7;18,9;23,8;20,5;18,9;18,3;90;73;90;150;11,1;1,2;
2023/01/16;0300 UTC;;932,6;934;932,6;;20,5;18,6;20,8;20,3;19;18,2;91;86;89;246;3,7;1,6;
2023/01/16;0400 UTC;;932,5;932,7;932,5;;20,2;18,7;20,8;19,8;18,9;18;91;87;91;278;2,8;1,5;
2023/01/16;0500 UTC;;932;932,6;932;;20,5;18,3;21;19,7;18,8;17,8;91;84;87;269;2,9;1,1;
2023/01/16;0600 UTC;;931,9;932;931,8;;19,8;17,8;20,6;19,5;18,5;17,7;90;86;88;224;2,7;1,4;
2023/01/16;0700 UTC;;932,5;932,5;931,9;;19,7;18,2;19,9;19,3;18,3;17,5;91;88;91;38;2,7;1,3;
2023/01/16;0800 UTC;;932,7;932,8;932,5;;20,4;18,5;20,4;19,7;18,7;18,1;91;89;89;354;2,3;1;
2023/01/16;0900 UTC;;932,9;932,9;932,7;7,6;19,9;18,3;20,4;19,6;18,6;17,8;91;88;91;288;2,1;,7;
2023/01/16;1000 UTC;;933,4;933,4;932,9;236,4;21,1;18,6;21,1;19,6;18,7;17,8;91;85;85;266;2,5;,7;
2023/01/16;1100 UTC;;934;934;933,4;996,2;23,5;19,6;23,5;20,9;19,6;18,5;88;77;79;203;2,2;,9;
2023/01/16;1200 UTC;;934,3;934,3;934;1905,9;26,1;19,4;26,2;23,5;20,5;19;79;66;67;102;3,4;1,5;
2023/01/16;1300 UTC;;934,6;934,7;934,3;2573,1;26,9;19,1;26,9;25,7;20,3;18,3;70;61;62;68;6,5;3,2;
2023/01/16;1400 UTC;;934,2;934,6;934,2;3324,2;28,6;19,6;28,6;26,4;20,2;18,1;66;58;58;43;8,9;3,7;
2023/01/16;1500 UTC;;933,9;934,3;933,8;3594,9;28,4;18,3;28,7;27,5;19,5;17,5;59;52;54;43;8,9;3,2;
2023/01/16;1600 UTC;;933,5;933,9;933,5;2455,1;28,5;18,8;29;28;19,7;17,8;60;53;56;65;6,3;3,1;
2023/01/16;1700 UTC;;933;933,5;933;3304;30,1;18,2;30,4;27,9;19,8;17,1;57;45;49;110;6;2,5;
2023/01/16;1800 UTC;;932,2;933;932,2;2430,6;29,6;18,1;30,2;28,7;20,3;17,2;58;47;50;61;5,5;2;
2023/01/16;1900 UTC;;931,1;932,2;931,1;2515,6;29,5;18,8;30,8;29,3;19,6;16,8;54;43;53;101;5,6;2,5;
2023/01/16;2000 UTC;;930,1;931,1;930,1;1729,9;29,7;17;30,6;29,5;19,3;16,3;53;43;46;90;6;3,2;
2023/01/16;2100 UTC;;930,5;930,5;930;913,7;28,9;17,3;30,4;28,9;18,1;16,8;50;45;50;95;5,8;3,5;
2023/01/16;2200 UTC;;930,6;930,7;930,5;70;26,7;18,2;28,9;26,7;18,2;17,2;60;50;60;96;5,6;1,6;
2023/01/16;2300 UTC;;931;931;930,6;;25,9;18,1;26,7;25,9;18,3;18;62;60;62;96;2,3;1,3;
2023/01/17;0000 UTC;;931,8;931,8;931;;24,9;18,9;25,9;24,9;18,9;18,1;69;62;69;126;2,9;1,1;
2023/01/17;0100 UTC;;932,5;932,5;931,8;;25,3;18,1;25,3;24,6;18,8;18;69;64;65;52;3,4;2,4;
2023/01/17;0200 UTC;;933;933,1;932,5;;23,7;18,3;25,3;23,7;18,4;18;72;65;72;76;3,6;2,2;
2023/01/17;0300 UTC;;932,5;933,1;932,5;;23,7;17,9;24,2;23,4;18,3;17,7;73;68;70;62;3,6;,5;
2023/01/17;0400 UTC;;931,8;932,5;931,8;;23,5;17,6;23,7;23;18,2;17,6;73;69;69;12;2;1,6;
2023/01/17;0500 UTC;;931,7;931,9;931,6;;23,2;17,5;23,7;23;17,6;17,3;71;68;70;357;2,1;1;
2023/01/17;0600 UTC;;932,2;932,2;931,6;;20,3;17,2;23,2;20;17,6;16,7;82;70;82;229;2,2;1,8;
2023/01/17;0700 UTC;;932,4;932,5;932,1;;20,8;17;21,6;20,3;17,4;16,9;82;76;79;212;2,2;1,4;
2023/01/17;0800 UTC;;932,6;932,6;932,4;;19,9;17;21,1;18,6;17,3;15,6;88;78;83;110;2,3;1,2;
2023/01/17;0900 UTC;;933;933;932,6;3,8;20,8;16,3;20,9;19,9;16,9;16,2;83;75;76;17;2,4;,9;
2023/01/17;1000 UTC;;933,9;933,9;933;328,8;22,5;15,9;23;20,7;17,3;15,9;77;66;66;77;1,8;,9;
2023/01/17;1100 UTC;;934,3;934,3;933,8;1223,7;23,9;16,3;24,1;22,4;17,5;16;71;62;63;65;5,7;3,2;
2023/01/17;1200 UTC;;934,9;934,9;934,3;2122,9;25,3;17,1;25,6;23,8;17,9;16,1;65;57;60;59;6,5;3,6;
2023/01/17;1300 UTC;;935;935,1;934,9;2910,4;26,8;17,7;26,8;24,8;18,5;16,2;62;57;58;88;7,7;4;
2023/01/17;1400 UTC;;935,1;935,2;935;3521,3;27,9;18,7;27,9;26,4;18,8;16,4;61;53;57;67;7,2;3,7;
2023/01/17;1500 UTC;;934,5;935,1;934,5;3946,1;28,7;17,4;29;26,9;19,3;17;60;49;50;84;7;3,7;
2023/01/17;1600 UTC;;934,1;934,5;934,1;2759,6;27,9;17,2;29;27,7;18,4;16,4;55;48;52;87;7,3;2,6;
2023/01/17;1700 UTC;;933,2;934,1;933,2;2988,3;29,2;17,5;30,2;27,9;19,7;16;57;43;49;79;7;3,8;
2023/01/17;1800 UTC;;932,4;933,2;932,4;2306,5;29,5;16,3;30,4;28,3;18,9;15,7;53;42;45;48;7;2,4;
2023/01/17;1900 UTC;;931,6;932,4;931,6;2608,8;30,1;16,1;30,5;29,1;17,8;15;49;40;43;53;10,2;2,6;
2023/01/17;2000 UTC;;931,2;931,6;931,2;2026,3;30,3;16,3;30,6;29,8;17,6;14,5;48;39;43;98;6,2;2,6;
2023/01/17;2100 UTC;;930,9;931,2;930,9;517;28,2;16,3;30,3;28,2;17;15,2;50;43;48;108;6,5;3,1;
2023/01/17;2200 UTC;;931,3;931,3;930,8;65;26,9;17,3;28,2;26,7;17,3;16,2;56;48;56;87;4,7;1,7;
2023/01/17;2300 UTC;;932,1;932,1;931,3;;26,7;17,6;27,5;26,7;17,8;17,2;58;55;58;359;5,2;2,6;
2023/01/18;0000 UTC;;933,2;933,2;932,1;;25,1;17,8;26,8;25,1;18,3;17,3;65;56;64;5;4,9;1;
2023/01/18;0100 UTC;;933,7;933,7;933,1;;22,9;18;25,7;22,8;18,6;17,7;74;62;74;222;2,3;1;
2023/01/18;0200 UTC;;933,8;933,9;933,7;;22,4;18,2;23,6;22,4;18,3;18,1;77;72;77;227;3;2,4;
2023/01/18;0300 UTC;;933,8;934,1;933,8;;22,2;18,3;22,8;21,6;18,3;17,5;79;73;79;228;3,1;2,4;
2023/01/18;0400 UTC;;933,2;933,8;933,2;;20,6;17,6;22,5;20,6;18,4;17,4;83;76;83;197;3,6;,8;
2023/01/18;0500 UTC;;933,4;933,4;933,1;;21,5;18,3;22,2;20,6;18,5;17,7;84;78;82;227;2,9;2,2;
2023/01/18;0600 UTC;;933,4;933,5;933,3;;21,5;17,9;21,6;20,8;18,1;17,8;84;80;80;240;3,6;1,2;
2023/01/18;0700 UTC;;933,6;933,7;933,2;;21,2;18,1;21,6;20,1;18,2;17,1;84;79;83;201;2,8;1,4;
2023/01/18;0800 UTC;;934;934;933,6;;20,9;18;21,3;20,7;18,1;17,8;84;82;83;153;3,2;,5;
2023/01/18;0900 UTC;;934,6;934,6;934;2,2;20,3;17,7;21;19,7;18;17,2;87;82;85;285;1,6;,4;
2023/01/18;1000 UTC;;935;935;934,6;321,5;22,9;17,8;22,9;20,3;18,2;17,7;85;73;73;44;6,6;4;
2023/01/18;1100 UTC;;935,6;935,6;935;1215,2;24,1;17,9;24,4;22,9;18,4;17,7;73;68;68;39;7,9;4;
2023/01/18;1200 UTC;;936,1;936,1;935,6;2059,8;25,3;18,8;25,5;24,1;18,9;17,6;70;65;67;54;8;4,5;
2023/01/18;1300 UTC;;936,3;936,3;936,1;2935,3;27,2;19,8;27,2;25;20;18,2;68;62;64;96;7,5;3,3;
2023/01/18;1400 UTC;;936,1;936,4;936,1;2812,2;26,7;17,9;27,8;26,4;19,9;17,6;65;56;59;354;6,1;2,3;
2023/01/18;1500 UTC;;935,6;936,1;935,6;2568,6;28,5;17,2;28,8;26,6;19,7;17,2;62;50;51;45;7;2,5;
2023/01/18;1600 UTC;;934,9;935,6;934,8;2933,8;29,4;17,9;30,2;28;20,1;15,9;58;44;50;55;6,5;2,1;
2023/01/18;1700 UTC;;933,9;934,9;933,9;3253,9;29,7;17,5;30,8;28,2;19;15,1;53;41;48;127;5,5;2,8;
2023/01/18;1800 UTC;;932,7;933,9;932,7;3500,1;31,6;17,1;31,6;29,7;18,7;15,1;48;38;42;89;5,3;2,5;
2023/01/18;1900 UTC;;931,9;932,7;931,9;2302,5;29,4;19;31,7;29,3;19;14,8;54;36;54;112;6;3,3;
2023/01/18;2000 UTC;;931,6;932;931,5;1064,7;29,8;18,5;29,8;28,6;19,7;18,1;58;50;51;118;5,4;2,9;
2023/01/18;2100 UTC;;931,5;931,6;931,5;804,5;27,9;17,4;29,8;27,9;18,9;17,1;54;47;53;105;5,4;2,8;
2023/01/18;2200 UTC;;;;;;;;;;;;;;;;;;
2023/01/18;2300 UTC;;932,7;932,8;931,9;;24,3;18,9;27,3;24,3;19;16,8;72;53;72;117;3,4;2,2;
2023/01/19;0000 UTC;;933,4;933,4;932,7;;23,9;18,1;24,5;23,8;19;18,1;73;69;70;80;3,9;1,7;
2023/01/19;0100 UTC;;933,8;933,8;933,4;;23,9;17,4;24,1;23,2;18,1;17,4;72;67;67;30;4,9;,4;
2023/01/19;0200 UTC;;934,3;934,3;933,8;;22,4;17,5;24,5;22,2;17,8;16,8;74;64;74;240;2,4;1,8;
2023/01/19;0300 UTC;;934,3;934,3;934,1;;22,2;17,5;23,3;22,1;17,7;17,1;75;69;74;255;2,9;2,2;
2023/01/19;0400 UTC;;933,9;934,3;933,9;;22,1;18,1;22,4;21,8;18,1;17,2;78;74;78;263;3,7;1,5;
2023/01/19;0500 UTC;;933,5;934;933,5;;21,4;18;22,3;21,4;18,1;17,9;81;77;81;51;2,7;,6;
2023/01/19;0600 UTC;;933,2;933,5;933,1;;19,8;16,8;21,8;19,8;18,3;16,8;85;80;83;226;3,1;2;
2023/01/19;0700 UTC;;933;933,3;933;;21;17,8;21,6;19,7;17,8;16,8;85;79;82;37;3,1;,4;
2023/01/19;0800 UTC;;933,3;933,3;932,9;;20,8;17,8;21;19,6;18;17;87;82;83;286;1,4;,4;
2023/01/19;0900 UTC;;934,2;934,2;933,3;;21,2;18,3;21,2;19,3;18,3;16,5;88;81;84;305;2,7;2,2;
2023/01/19;1000 UTC;;935,1;935,1;934,2;233,3;23;18,9;23;21,2;18,9;18,1;84;78;78;57;2,7;,4;
2023/01/19;1100 UTC;;935,6;935,6;935;1224;25,3;18,7;25,3;22,9;19,5;18,2;78;67;67;59;2,9;1,7;
2023/01/19;1200 UTC;;936,1;936,1;935,6;2076,2;25,8;18,9;25,9;25;19,6;17,6;69;62;66;50;4,4;2,6;
2023/01/19;1300 UTC;;936,1;936,4;936,1;1918,9;27;18,5;27,4;25,2;20,3;17,7;67;59;60;102;5,4;2,3;
2023/01/19;1400 UTC;;935,6;936,1;935,6;3527,8;28,7;19;29;26,8;20,5;18,1;65;55;56;89;6,7;3,4;
2023/01/19;1500 UTC;;935,5;935,7;935,5;1473,8;25,2;16,7;28,7;25;20,2;16,4;65;55;59;283;8,1;3,9;
2023/01/19;1600 UTC;;934,8;935,5;934,8;3487,7;26,9;16;28,2;24,6;18;15,5;61;49;51;226;8,1;3,3;
2023/01/19;1700 UTC;;934,7;934,8;934,1;2042,2;23,7;18,7;27,8;23,7;19;15,9;73;51;73;150;8;4,7;
2023/01/19;1800 UTC;;933,6;934,6;933,5;289,6;23;17,6;23,7;22,9;18,5;17,2;74;69;72;238;8;1,2;
2023/01/19;1900 UTC;;932,6;933,6;932,6;451,7;24,4;18,7;24,4;23;19,1;17,5;74;69;71;158;4,6;1;
2023/01/19;2000 UTC;;931,6;932,6;931,6;875;25,5;18,6;25,5;24,2;19,8;17,8;75;64;66;130;2,7;,8;
2023/01/19;2100 UTC;;932;932,1;931,6;814,2;26,3;18,4;26,5;25,4;18,9;17,7;66;61;62;59;3,2;,7;
2023/01/19;2200 UTC;;932,3;932,3;931,9;91,8;24,5;19;26,3;24,2;19,1;18,1;73;61;72;200;2,1;1;
2023/01/19;2300 UTC;;932,9;932,9;932,3;;23,4;18,8;24,5;23,4;19,1;18,5;75;71;75;161;3,2;,8;
2023/01/20;0000 UTC;;933,6;933,6;932,9;;23,4;18,7;23,4;21,7;19,1;18,3;82;75;75;344;3,1;1,5;
2023/01/20;0100 UTC;;934,5;934,5;933,6;;22,1;18,2;23,4;21,4;18,8;18;83;75;79;233;2,5;,7;
2023/01/20;0200 UTC;;934,9;935;934,5;;21,4;18,5;22,1;20,5;18,7;17,6;85;78;84;4;2,3;,9;
2023/01/20;0300 UTC;;934,2;934,9;934,2;;20,9;18,3;21,6;20,1;18,8;17,3;86;82;85;245;2,6;1,1;
2023/01/20;0400 UTC;;933,6;934,2;933,6;;20,4;17,9;21,5;20,4;18,7;17,6;86;82;85;205;1,8;,7;
2023/01/20;0500 UTC;;933,4;933,6;933,3;;20,5;18,4;21,5;20,1;18,7;17,7;88;83;87;20;1,6;,8;
2023/01/20;0600 UTC;;933;933,4;933;;21;18,5;21,3;20,1;18,5;17,7;87;84;86;230;1,7;,6;
2023/01/20;0700 UTC;;933,8;933,8;933;;20,7;18,6;21;20,2;19,2;18,2;90;86;88;34;7,4;3,1;
2023/01/20;0800 UTC;;933,3;933,8;933,3;;20,2;18,3;20,7;20,1;18,6;18,2;90;87;89;19;8,9;3,1;
2023/01/20;0900 UTC;;933,5;933,5;933,2;;20,5;17,8;20,6;20;18,3;17,6;89;84;85;310;4,9;1,7;
2023/01/20;1000 UTC;;934,1;934,1;933,5;149,6;21,3;17,8;21,3;19,8;18;17,5;88;80;80;341;2,8;1,5;
2023/01/20;1100 UTC;;934,5;934,5;934,1;1140,6;24,1;17,6;24,2;21,3;18,4;17,6;81;67;67;34;4,6;2,6;
2023/01/20;1200 UTC;;935;935;934,5;1824,1;24,6;18,1;24,6;23,1;18,3;16,8;72;65;67;36;6,3;3,9;
2023/01/20;1300 UTC;;935,3;935,3;934,9;2773;25,7;18,3;25,9;24;18,9;17,2;71;61;64;354;6,8;2,5;
2023/01/20;1400 UTC;;934,3;935,3;934,3;2013,6;24,4;19,6;27,1;23,8;19,9;17,7;79;59;74;340;6,1;,5;
2023/01/20;1500 UTC;;934,1;934,3;933,9;974,8;20,8;16,5;24,9;20,8;21,2;16,5;81;69;77;22;14,9;7,7;
2023/01/20;1600 UTC;;933,6;935;933,6;129,6;19,4;17,4;20,8;19,4;19,1;16,5;91;77;88;193;14,9;1,7;
2023/01/20;1700 UTC;;933,1;933,7;932,9;219,2;20,1;17,9;20,3;19,4;18,2;17,4;89;87;87;176;4,7;1;
2023/01/20;1800 UTC;;931,9;933,2;931,9;1069;22,8;19,7;22,8;20,1;19,7;17,6;87;79;83;171;2,3;1,1;
2023/01/20;1900 UTC;;930,7;931,9;930,7;1853,5;24;18,9;25,6;22,8;20,6;18,3;83;66;73;260;5,5;2,7;
2023/01/20;2000 UTC;;930,1;930,7;930,1;240,6;22,3;19,7;24;22,3;19,7;18,5;85;72;85;230;6,4;1,4;
2023/01/20;2100 UTC;;930,7;930,8;930,2;237,2;22,6;20,2;22,6;21,8;20,5;19,6;90;85;86;47;3,7;1,2;
2023/01/20;2200 UTC;;931,4;931,4;930,4;109,2;22;20;23,3;22;20,8;19,7;88;82;88;13;2,8;,4;
2023/01/20;2300 UTC;;931,9;932;931,4;;21;19,5;22,2;21;20,1;19,5;91;88;91;199;2;,9;
2023/01/21;0000 UTC;;932,5;932,5;931,9;;21;19,7;21,1;20,7;19,8;19,3;92;91;92;222;1,6;,5;
2023/01/21;0100 UTC;;933,6;933,7;932,5;;20,3;19;21,1;20,1;19,8;18,8;93;92;93;224;2,2;1,6;
2023/01/21;0200 UTC;;933,8;934;933,6;;20,2;18,9;20,7;20,1;19,5;18,9;93;92;92;229;2,2;,9;
2023/01/21;0300 UTC;;932,8;933,8;932,7;;20,7;20,1;20,8;20,1;20,2;18,9;96;92;96;7;2,8;1,8;
2023/01/21;0400 UTC;;932;932,8;932;;20,5;20,3;20,7;20,5;20,3;20;99;96;99;50;2,8;1,4;
2023/01/21;0500 UTC;;931,7;932;931,6;;20,2;19;20,6;20,2;20,4;19;99;93;93;286;3,8;1,4;
2023/01/21;0600 UTC;;931,5;931,7;931,4;;20,2;19,3;20,3;20;19,3;18,9;95;92;95;209;4,3;1,5;
2023/01/21;0700 UTC;;931,8;931,9;931,4;;20,2;19,6;20,3;20,1;19,7;19,2;97;95;97;218;4,2;2;
2023/01/21;0800 UTC;;932;932,1;931,7;;20;19,8;20,2;19,9;19,9;19,4;99;96;99;176;4;1,4;
2023/01/21;0900 UTC;;932,6;932,6;932;;20;19,8;20,1;19,9;19,9;19,7;99;99;99;215;2,6;1,6;
2023/01/21;1000 UTC;;933,1;933,1;932,6;11,6;19,7;19,1;20,1;19,7;19,9;19,1;99;96;96;189;5,5;2,4;
2023/01/21;1100 UTC;;;;;;;;;;;;;;;;;;
2023/01/21;1200 UTC;;934,3;934,3;933,7;286;20,1;19,4;20,1;19,3;19,4;18,8;97;96;96;227;2,3;1,4;
2023/01/21;1300 UTC;;934,6;934,8;934,3;237,4;19,7;18,4;20,2;19,6;19,1;18,2;96;90;93;337;4,6;2;
2023/01/21;1400 UTC;;934;934,6;934;847,3;20,9;18,7;21,1;19,7;19,4;18,4;93;87;87;40;3,6;1,2;
2023/01/21;1500 UTC;;933,3;934;933,3;2915,6;24,7;19,3;24,7;20,9;20,1;18,5;88;72;72;294;3,3;1,1;
2023/01/21;1600 UTC;;932,4;933,4;932,4;2496,8;24,2;20;25;23,8;20;18;78;68;77;265;6,8;2,1;
2023/01/21;1700 UTC;;931,1;932,4;931;3044,4;25,9;19,3;26;24,1;20,4;18,7;77;65;67;308;7,2;2,7;
2023/01/21;1800 UTC;;930,3;931;930,3;1614,1;26;18,8;26,1;25,3;19,5;18,2;68;63;65;283;6,2;3;
2023/01/21;1900 UTC;;929,9;930,3;929,9;1534,5;25,9;19;26,3;25,6;19,4;18,3;67;63;66;271;8,8;2,8;
2023/01/21;2000 UTC;;929,5;930;929,5;1049,6;26,4;19,4;26,4;25,4;19,6;18,8;69;65;66;265;7,2;2,1;
2023/01/21;2100 UTC;;930;930;929,4;938,6;26,1;18,3;27,2;26;19,7;17,8;66;57;62;298;7,1;3,6;
2023/01/21;2200 UTC;;930,3;930,4;930;72,8;24,9;18,6;26,1;24,9;18,7;17,8;68;61;68;317;5,7;2,2;
2023/01/21;2300 UTC;;931;931;930,3;;23,4;18,8;24,9;23,4;18,9;18,5;76;68;76;246;3,7;,9;
2023/01/22;0000 UTC;;931,3;931,3;930,9;;21,8;18,5;23,4;21,8;19;18,5;82;76;82;219;2,4;,9;
2023/01/22;0100 UTC;;932,2;932,3;931,3;;22,6;18,8;22,6;21,2;18,9;18,4;85;79;79;290;3,5;2,3;
2023/01/22;0200 UTC;;932,9;933,1;932,2;;21,5;18,9;22,6;20,7;19;18;87;79;85;186;3,5;1;
2023/01/22;0300 UTC;;932,5;932,9;932,5;;21,6;19,1;21,7;21,2;19,2;18,7;87;84;86;353;2,5;1,8;
2023/01/22;0400 UTC;;932,3;932,6;932,3;;21,6;18,3;21,7;21,5;19,1;18,3;86;81;81;358;3,9;1,9;
2023/01/22;0500 UTC;;931,6;932,3;931,6;;20,6;18,3;21,6;20,6;18,5;18,2;87;81;87;235;3,3;1,2;
2023/01/22;0600 UTC;;931,1;931,6;931,1;;21,6;18,1;21,7;20,4;18,9;18,1;89;80;81;329;4,1;1,9;
2023/01/22;0700 UTC;;931;931,2;931;;21;18,3;21,6;20,4;18,4;18;87;80;84;276;4,1;1,1;
2023/01/22;0800 UTC;;931,2;931,3;931;;20,7;18,5;21,1;20,2;18,7;18,1;88;83;87;290;1,5;,5;
2023/01/22;0900 UTC;;931,5;931,6;931,2;,4;20,8;18,6;20,8;20,4;19,1;18,4;90;86;87;351;2,1;1,4;
2023/01/22;1000 UTC;;931,7;931,7;931,3;218;21,3;18,8;21,3;20,8;18,8;18,4;87;85;85;177;2,1;,6;
2023/01/22;1100 UTC;;931,9;932;931,7;1117;23,6;18,7;23,6;21,3;19,1;18,1;85;74;74;13;2,7;1,5;
2023/01/22;1200 UTC;;932;932,1;931,9;1941,2;26,1;18;26,5;23,3;19,3;18;75;61;61;287;6,8;3,8;
2023/01/22;1300 UTC;;931,9;932;931,8;2832,7;27;18,4;27,3;25,9;18,9;17,9;63;58;59;258;7,1;3,6;
2023/01/22;1400 UTC;;931,4;931,9;931,3;2972,1;27,9;18,6;28,3;26,7;19,4;17,6;61;53;57;243;7,1;2,9;
2023/01/22;1500 UTC;;930,8;931,4;930,7;2934,5;29,1;17,6;29,4;27,4;19;17,2;59;49;50;264;6,2;3;
2023/01/22;1600 UTC;;929,9;930,8;929,9;3642,5;29,6;18,3;29,9;28,2;19;16,7;56;47;50;309;9,1;5,3;
2023/01/22;1700 UTC;;928,7;930;928,7;3642,4;30,9;17,5;30,9;28,9;19;17,1;54;45;45;265;7,7;3,3;
2023/01/22;1800 UTC;;927,6;928,7;927,5;3398,2;30,3;16,6;31,4;30,1;18,4;15,7;48;40;44;275;7,9;4;
2023/01/22;1900 UTC;;927,4;927,7;927,3;2077,3;30,3;16,8;31,2;30;18,4;15,5;49;40;44;256;7,5;1,7;
2023/01/22;2000 UTC;;928,1;928,1;927,3;1467,8;25,1;19,8;30,3;25,1;21;16,7;73;44;73;103;10,1;4,3;
2023/01/22;2100 UTC;;929;929;928,1;305,4;23,4;20,1;25,1;23,4;20,1;19,1;82;73;82;97;10,7;2,7;
2023/01/22;2200 UTC;;930;930,1;928,9;17,8;21,5;19,8;24;21,5;20,4;19,3;90;78;90;149;5,7;1,2;
2023/01/22;2300 UTC;;930,6;930,6;930;;21,8;19,7;21,8;21,1;20,4;19,7;92;88;88;40;3,2;2,3;
2023/01/23;0000 UTC;;931,4;931,4;930,6;;21,2;19,5;22,1;21,2;19,8;19,1;90;83;90;120;3,2;1,5;
2023/01/23;0100 UTC;;932,3;932,4;931,4;;20,9;19,6;21,2;20,8;19,8;19,5;93;90;93;81;5,1;1,3;
2023/01/23;0200 UTC;;932,7;932,8;932,2;;20,9;20;20,9;20,7;20;19,6;95;93;95;164;2,5;,7;
2023/01/23;0300 UTC;;932,6;932,9;932,6;;20,3;18,9;21,1;20,3;20,2;18,9;95;92;92;164;5,1;1;
2023/01/23;0400 UTC;;932,2;932,6;932,2;;20,8;19,8;20,9;20,3;19,9;19;94;92;94;238;3,4;1,6;
2023/01/23;0500 UTC;;932,1;932,3;932,1;;20,1;19;20,8;19,9;19,8;18,7;94;93;93;283;4,3;1,7;
2023/01/23;0600 UTC;;931,5;932,1;931,5;;20,2;18,8;20,2;20;19,1;18,8;93;92;92;257;3,4;1,8;
2023/01/23;0700 UTC;;931,5;931,5;931,4;;20,4;18,9;20,5;20,2;19;18,8;92;91;91;308;4,3;1,1;
2023/01/23;0800 UTC;;931,2;931,5;931,2;;20,2;18,9;20,4;20,2;19;18,8;92;91;92;153;2,1;1;
2023/01/23;0900 UTC;;931,2;931,3;931,1;,3;20,2;18,9;20,2;20;19;18,8;93;92;92;262;3,8;1,9;
2023/01/23;1000 UTC;;931,3;931,3;931,1;115;20,8;18,9;20,8;20,2;19;18,7;92;89;89;288;4,5;3;
2023/01/23;1100 UTC;;931,5;931,5;931,2;481,3;22,1;19,3;22,1;20,8;19,6;18,9;90;84;84;302;4,5;2;
2023/01/23;1200 UTC;;932,2;932,3;931,5;856,4;23,1;19,2;23,3;22,1;19,7;19,1;85;78;79;313;5,3;2,5;
2023/01/23;1300 UTC;;932,4;932,5;932,2;1878,5;25,1;19,4;25,1;23,1;20,2;18,9;80;71;71;290;5,8;2,2;
2023/01/23;1400 UTC;;932,8;932,8;932,4;1153,4;25,8;19,9;25,9;24,4;20,4;19;75;69;70;308;5,2;2,2;
2023/01/23;1500 UTC;;932,6;932,8;932,4;1445,5;21,3;19,6;26,9;21,3;20,4;18,7;90;63;90;241;7,8;4,9;
2023/01/23;1600 UTC;;931,6;932,6;931,6;696,9;22,6;20,6;23,9;21,4;21,7;19,8;92;82;88;118;7,4;2,8;
2023/01/23;1700 UTC;;931;931,7;931;368,1;22,3;20,3;22,7;22,2;20,8;20,2;90;87;88;160;4,5;1,7;
2023/01/23;1800 UTC;;930;931;930;632,8;22,9;20,6;22,9;22,3;20,8;20,2;89;85;87;196;4;1,6;
2023/01/23;1900 UTC;;929,7;930;929,7;736,9;23,2;20,9;23,5;22,9;21;20,3;87;84;87;190;3,4;1,9;
2023/01/23;2000 UTC;;929,7;929,9;929,1;798,5;24;21;24;23,2;21,2;20,6;87;83;83;117;3,3;1,2;
2023/01/23;2100 UTC;;929,5;929,9;929,4;621,1;24,1;20,9;24,4;23,7;21,6;20,8;85;81;82;48;6,8;3,1;
2023/01/23;2200 UTC;;930;930;929,4;123,6;22,8;20,1;24,1;22,8;20,8;20,1;85;81;85;27;5,2;2,2;
2023/01/23;2300 UTC;;931,3;931,4;930;;22;20,2;23;22;20,2;19,3;89;80;89;309;6,5;2,6;
2023/01/24;0000 UTC;;931,5;931,6;931,1;;21,2;19,9;22,1;21,2;20,4;19,9;92;89;92;199;4,6;1;
2023/01/24;0100 UTC;;932,2;932,4;931,4;;21,3;20,2;21,3;21,2;20,3;19,9;94;92;94;263;2;1,1;
2023/01/24;0200 UTC;;932,3;932,5;932,2;;21,6;20,5;21,6;21,2;20,6;20,1;94;94;94;202;2;,3;
2023/01/24;0300 UTC;;932,2;932,3;932,1;;21,4;20,1;21,6;21,1;20,6;19,9;94;92;92;238;1,3;,7;
2023/01/24;0400 UTC;;931,8;932,2;931,8;;21;19,7;21,7;21;20,2;19,5;92;90;92;139;2,8;,7;
2023/01/24;0500 UTC;;931,1;931,8;931,1;;21,3;19,7;21,6;21;20,1;19,5;92;89;91;329;1,1;,3;
2023/01/24;0600 UTC;;930,5;931,1;930,5;;20,9;19,7;21,3;20,8;19,9;19,6;93;91;93;23;1,4;,5;
2023/01/24;0700 UTC;;930,2;930,5;930,1;;20,8;19,7;21;20,6;19,8;19,4;93;93;93;331;2,2;1,2;
2023/01/24;0800 UTC;;930,4;930,4;930,1;;20,9;19;21,1;20,8;19,8;19;93;89;89;280;2,2;1,5;
2023/01/24;0900 UTC;;930,8;930,8;930,4;;20,8;19,1;21,2;20,8;19,2;18,9;90;88;90;358;2,8;1;
2023/01/24;1000 UTC;;931,6;931,6;930,8;128,5;21,6;19,2;21,6;20,8;19,3;19,1;91;86;86;335;2,3;,9;
2023/01/24;1100 UTC;;931,9;931,9;931,6;508,5;22,5;19,4;22,5;21,6;19,6;18,9;88;81;83;330;2,2;1,2;
2023/01/24;1200 UTC;;932,3;932,3;931,9;1334;24,6;19;24,6;22,5;19,5;18,5;83;70;71;299;6;3;
2023/01/24;1300 UTC;;932,4;932,4;932,3;2638,4;26;19,1;26;24,4;19,8;18,4;71;65;66;257;7,3;3,6;
2023/01/24;1400 UTC;;932,2;932,4;932,1;2981,7;27,6;18,6;28;25,6;19,8;18,3;68;58;58;264;7,5;2,9;
2023/01/24;1500 UTC;;931,3;932,2;931,3;2620,7;28,1;17,9;28,7;26,9;19,5;17,6;63;53;54;269;7,9;3,1;
2023/01/24;1600 UTC;;930,7;931,3;930,7;2143,2;25,7;20,6;29,3;25,7;20,6;17,7;73;51;73;21;7,5;4,9;
2023/01/24;1700 UTC;;929,3;930,7;929,3;3109,6;28,6;20;28,6;24,6;22,3;19,9;82;60;60;8;7;3;
2023/01/24;1800 UTC;;928,3;929,3;928,3;1858,1;26,7;20,4;29,8;24,7;22,2;18;79;52;68;359;10,2;2,8;
2023/01/24;1900 UTC;;928;928,6;928;2247,9;25,9;21,2;29,3;25,8;22,9;19,9;79;58;75;21;11,4;4,3;
2023/01/24;2000 UTC;;928,3;928,6;927,9;517;23,5;22,5;26,4;21;22,5;18,4;94;68;94;87;14;1,5;
2023/01/24;2100 UTC;;928,9;928,9;928,1;299,8;24,1;22,3;24,3;23,4;22,9;22;94;90;90;33;2,8;,5;
2023/01/24;2200 UTC;;929,4;929,4;928,8;70,7;23,6;21,7;24,7;23,6;22,3;20,9;90;80;89;74;2,9;,6;
2023/01/24;2300 UTC;;930,5;930,5;929,4;;23,6;21,6;23,9;23,5;21,8;21,5;90;87;89;72;2,3;,3;
2023/01/25;0000 UTC;;930,9;930,9;930,5;;23,5;21,3;23,9;23,4;21,8;21;90;84;87;1;4,1;2,2;
2023/01/25;0100 UTC;;931,9;931,9;930,9;;22,7;21,2;23,8;22,6;21,3;20,3;91;81;91;196;3,1;1,3;
2023/01/25;0200 UTC;;932,2;932,6;931,9;1,9;20,3;18,9;23;20,3;21,3;18,8;92;83;92;196;9,4;1,9;
2023/01/25;0300 UTC;;931,7;932,2;931,7;;20,8;19,3;20,8;20,2;19,4;18,9;93;91;91;245;3,8;2;
2023/01/25;0400 UTC;;931,3;931,7;931,3;;20,6;18,7;20,9;20,6;19,3;18,6;91;88;89;285;3,8;1,8;
2023/01/25;0500 UTC;;930,9;931,3;930,9;;20,7;18,8;20,9;20,5;18,8;18,1;90;84;89;258;3,2;1,9;
2023/01/25;0600 UTC;;930,1;930,9;930,1;;20,7;19;20,8;20,5;19,2;18,7;91;88;90;248;3,1;1,8;
2023/01/25;0700 UTC;;930,1;930,1;930;;20,8;19,2;20,9;20,7;19,2;19;91;90;91;242;4,2;1,5;
2023/01/25;0800 UTC;;930,5;930,5;930,1;;20,5;19,2;20,9;20,5;19,4;19,1;92;90;92;207;3,4;1,7;
2023/01/25;0900 UTC;;930,6;930,6;930,4;;20,6;19,3;20,6;20,4;19,3;19,2;93;92;93;275;3,1;1;
2023/01/25;1000 UTC;;931,4;931,4;930,6;80,2;21;19,6;21;20,6;19,6;19,1;93;90;92;11;1,6;,9;
2023/01/25;1100 UTC;;931,7;931,7;931,4;468,6;22,1;20;22,2;21;20,2;19,7;92;88;88;340;2,4;1,2;
2023/01/25;1200 UTC;;932;932;931,7;1050,1;23,2;20,1;23,3;22,1;20,4;19,7;89;82;83;24;2,1;1,1;
2023/01/25;1300 UTC;;931,7;932;931,7;1679,2;24,8;19,6;25;23,1;20,9;19,6;83;73;73;238;2,2;1;
2023/01/25;1400 UTC;;931,3;931,7;931,3;2962,1;26,2;19,8;27,1;24,7;21,1;18,8;75;64;68;269;4;1,5;
2023/01/25;1500 UTC;;930,6;931,4;930,6;2829,3;27,1;20;27,4;25,9;21,3;18,6;70;61;65;147;6,2;3,7;
2023/01/25;1600 UTC;;930,2;930,6;930,1;2536,1;25;20,1;28,7;25;21,3;19;75;58;75;39;6,3;4,1;
2023/01/25;1700 UTC;;929,5;930,2;929,5;336,5;22,4;20,9;25;21,5;21;19,4;92;74;91;345;6,7;1,1;
2023/01/25;1800 UTC;;928,7;929,5;928,6;647,3;24;20,5;24,1;22,3;20,9;19,9;91;78;81;10;2,9;1,4;
2023/01/25;1900 UTC;;928;928,8;927,9;1842,5;26,7;21,4;26,7;24;21,4;19,9;82;67;73;64;3;1,4;
2023/01/25;2000 UTC;;927,9;928,1;927,9;1290;26,1;19,7;27,1;26,1;21;19,1;73;64;68;184;3,1;1,1;
2023/01/25;2100 UTC;;927,9;928;927,6;335,8;24,9;20,7;26,1;24,9;20,8;19,4;78;67;78;218;2,7;1,4;
2023/01/25;2200 UTC;;928,3;928,4;927,9;77,4;24,8;20,9;25,2;24,5;21,4;20,7;81;78;79;305;2,7;1,7;
2023/01/25;2300 UTC;;929,5;929,5;928,3;;24;21,5;24,8;23,6;21,6;20,6;87;78;86;266;2,7;,6;
2023/01/26;0000 UTC;;930,1;930,1;929,4;;23,5;21,3;24,1;23,3;21,6;21;88;85;87;11;1,5;,3;
2023/01/26;0100 UTC;;930,5;930,5;930;;22,4;20,6;23,7;22,4;21,4;20,6;90;86;89;242;2,4;1,3;
2023/01/26;0200 UTC;;930,2;930,6;930,1;;22,9;20,7;23,4;22,3;21,4;20,5;91;86;87;256;2,8;1,6;
2023/01/26;0300 UTC;;930,5;930,5;930,2;;22,5;20,6;23;21,8;20,8;20;91;86;89;198;2,8;,8;
2023/01/26;0400 UTC;;929,8;930,5;929,8;;22;20,3;22,5;22;20,7;20,3;91;89;90;238;1,9;1;
2023/01/26;0500 UTC;;929,4;929,8;929,3;;22,3;20,8;22,3;21,7;20,8;20,1;91;90;91;317;1,4;,5;
2023/01/26;0600 UTC;;929,1;929,5;929;;21,8;20,3;22,4;21,8;20,8;20,2;92;90;92;122;1,6;1;
2023/01/26;0700 UTC;;929,1;929,2;929;;21,7;20,4;21,9;21,7;20,7;20,3;93;92;93;224;1,6;,8;
2023/01/26;0800 UTC;;929,1;929,2;929;;21,6;20,3;21,8;21,6;20,6;20,3;93;92;92;240;1,7;,8;
2023/01/26;0900 UTC;;929,9;929,9;929,1;;21,6;20,5;21,7;21,3;20,5;20,1;94;92;94;54;1,7;,7;
2023/01/26;1000 UTC;;930,7;930,8;929,9;24,7;21,4;20,9;21,7;21,2;20,9;20,4;97;94;97;60;4,2;1,7;
2023/01/26;1100 UTC;;931,1;931,2;930,7;235,3;21,8;20,5;21,8;21,3;21,6;20,5;99;92;92;44;4,1;2,7;
2023/01/26;1200 UTC;;931,7;931,7;931,1;228,6;21,8;20,4;21,8;21,5;20,5;20;92;91;92;34;4,1;2;
2023/01/26;1300 UTC;;932,3;932,4;931,7;146,3;21,2;19,9;21,8;21;20,4;19,7;94;91;92;285;6,8;2,3;
2023/01/26;1400 UTC;;931,9;932,4;931,9;91;20,5;19,1;21,2;20,3;19,8;18,7;92;90;92;75;5,2;1,3;
2023/01/26;1500 UTC;;931,5;932;931,4;257,4;21,4;19,6;21,4;20,3;19,6;19,1;93;90;90;20;3,8;1,4;
2023/01/26;1600 UTC;;930,9;931,7;930,9;759,2;22,4;20,4;22,4;21,2;20,5;19,5;92;88;88;24;3,3;2,2;
2023/01/26;1700 UTC;;930,4;930,9;930,4;1994,2;24,5;20,3;24,5;22,4;20,6;19,7;89;77;77;7;6,7;4;
2023/01/26;1800 UTC;;929,8;930,4;929,8;1711,1;24,7;20,4;25,1;24,2;20,9;19,8;79;75;77;340;6,7;3,5;
2023/01/26;1900 UTC;;928,9;929,8;928,9;1004,4;23,3;19,8;24,7;23,2;20,6;19,4;82;77;81;334;9,4;2,7;
2023/01/26;2000 UTC;;928,9;929;928,7;817,9;23,6;21,1;23,6;23,1;21,1;20;86;81;86;113;6,7;1,5;
2023/01/26;2100 UTC;;929,1;929,2;928,9;373,2;23,4;20,5;23,7;23,3;21,2;20,3;86;82;84;203;2,8;,8;
2023/01/26;2200 UTC;;929,9;930;929,1;66,1;22,7;20,6;23,4;22,7;20,8;20,4;88;84;88;43;4,4;2,1;
2023/01/26;2300 UTC;;930,8;930,9;929,9;;22;19,9;22,8;22;20,6;19,9;88;86;88;42;4;2,4;
2023/01/27;0000 UTC;;931,6;931,6;930,8;;21,7;20;22;21,7;20;19,6;90;87;90;31;3,8;,8;
2023/01/27;0100 UTC;;932,7;932,7;931,6;;21,6;19,6;21,8;21,6;20;19,5;90;87;88;40;3,1;2,2;
2023/01/27;0200 UTC;;932,7;933;932,6;;21,1;19,6;21,6;21,1;19,7;19,5;91;88;91;115;3,1;1,6;
2023/01/27;0300 UTC;;932,2;932,7;932,2;;21,1;19,5;21,2;21;19,8;19,5;92;91;91;13;3;1,9;
2023/01/27;0400 UTC;;931,6;932,2;931,6;;21;19,5;21,1;20,9;19,6;19,5;92;91;91;45;3;1,6;
2023/01/27;0500 UTC;;931,1;931,6;931;;21;19,3;21,1;20,8;19,6;19,3;92;90;90;19;2,5;1,3;
2023/01/27;0600 UTC;;930,9;931,2;930,9;;20,4;19,2;21;20,4;19,3;19,2;93;90;93;105;2,8;1,1;
2023/01/27;0700 UTC;;930,7;930,9;930,7;;20,5;19,5;20,5;20,2;19,5;19;94;93;94;59;1,6;,9;
2023/01/27;0800 UTC;;930,8;930,8;930,6;;20,6;19,6;20,6;20,4;19,6;19,4;94;94;94;135;1,9;1,1;
2023/01/27;0900 UTC;;931,8;931,8;930,8;,2;20,6;19,6;20,6;20,5;19,6;19,5;94;94;94;113;2;1,1;
2023/01/27;1000 UTC;;932,7;932,7;931,8;84,9;21;19,9;21;20,6;19,9;19,6;94;93;93;109;2,2;1,4;
2023/01/27;1100 UTC;;933,4;933,5;932,7;335;21,5;19,3;21,6;21;20,1;19,3;93;87;87;52;5,3;3,3;
2023/01/27;1200 UTC;;933,8;933,8;933,4;765,6;22,2;19,4;22,2;21,5;19,7;19,1;88;84;85;22;5,3;2,2;
2023/01/27;1300 UTC;;933,8;933,9;933,7;1862,7;24,1;19,1;24,4;22,2;20,1;19,1;85;73;74;38;4,9;2,9;
2023/01/27;1400 UTC;;934;934,1;933,7;1358,2;23,9;19,6;24,8;23,8;20;18,7;77;72;77;52;5,8;1,7;
2023/01/27;1500 UTC;;933,5;934;933,5;1344;24,7;19,4;24,8;23,8;19,7;18,8;77;71;72;31;5,1;3,3;
2023/01/27;1600 UTC;;932,3;933,5;932,2;3356,6;26,6;19;26,9;24,7;20,7;18,7;72;63;63;32;5,3;2,8;
2023/01/27;1700 UTC;;931,3;932,3;931,3;3862,6;27,7;18,9;28,5;26,4;20,4;18;66;56;59;22;5,5;1,6;
2023/01/27;1800 UTC;;930,5;931,3;930,4;3030,8;28,6;18,3;28,9;27,1;19,8;16,9;61;51;54;76;6,4;2,4;
2023/01/27;1900 UTC;;929,9;930,6;929,8;1581,9;28,1;18;29,8;27,5;19,2;17,5;58;49;54;17;8,2;2,9;
2023/01/27;2000 UTC;;930;930,1;929,8;986,6;26,2;20,5;29,2;26;20,7;17,5;72;51;71;80;8,2;3,6;
2023/01/27;2100 UTC;;931;931,1;930;258,1;22;18,7;26,8;22;20,7;18,6;82;67;82;328;11;5,6;
2023/01/27;2200 UTC;;933;933;931;4,1;20,9;19;22,3;20,9;19,8;18,8;89;82;89;10;9,4;1,3;
2023/01/27;2300 UTC;;933,1;933,1;932,7;;20,9;19,5;21,5;20,8;19,9;19,1;92;89;92;244;3,6;2,3;
2023/01/28;0000 UTC;;933,3;933,3;933;;21;19,5;21,4;20,8;20,1;19,4;92;91;91;243;3,6;1,9;
2023/01/28;0100 UTC;;934,3;934,3;933,2;;20,9;19,4;21,2;20,9;19,7;19,3;91;90;91;43;4,1;,8;
2023/01/28;0200 UTC;;934,2;934,5;934,2;;20,7;19,5;21,3;20,6;19,7;19,2;92;90;92;166;2,8;,9;
2023/01/28;0300 UTC;;934;934,2;934;;20,6;19,4;20,7;20,4;19,5;19,2;93;92;93;75;2,3;,9;
2023/01/28;0400 UTC;;933,3;934;933,3;;20,9;19,5;20,9;20,6;19,6;19,3;93;92;92;291;2;1;
2023/01/28;0500 UTC;;932,9;933,3;932,9;;20,3;19,1;21;20,3;19,7;19;93;91;93;111;2,3;1,1;
2023/01/28;0600 UTC;;933,2;933,3;932,9;;20,5;19,3;20,7;20,3;19,5;19,1;93;93;93;206;2,1;1,1;
2023/01/28;0700 UTC;;933,1;933,2;933;;20,5;19,7;20,6;20,4;19,7;19,2;95;93;95;157;2,5;1,4;
2023/01/28;0800 UTC;;933,7;933,7;933;;20,4;19,4;20,6;20,3;19,7;19,4;95;94;94;172;3,3;1,2;
2023/01/28;0900 UTC;;934,3;934,4;933,7;,3;20,3;19,5;20,4;20,2;19,5;19,3;95;94;95;160;2,7;1;
2023/01/28;1000 UTC;;935,1;935,1;934,3;83,8;20,4;19,4;20,4;20,3;19,5;19,3;95;94;94;170;2,1;1,2;
2023/01/28;1100 UTC;;935,9;936,1;935,1;513,7;21,7;19,4;21,8;20,4;19,9;19,3;94;86;87;96;2,1;,9;
2023/01/28;1200 UTC;;936,1;936,1;935,9;780,1;22,9;19,6;22,9;21,7;19,9;19,1;87;81;82;155;2,6;1,3;
2023/01/28;1300 UTC;;936,3;936,5;936,1;1471,5;23,9;19,4;23,9;22,6;19,9;18,8;83;75;76;149;3,7;2,1;
2023/01/28;1400 UTC;;936,2;936,4;936,2;2106;25,2;19,6;25,4;23,9;20,4;18,1;77;69;71;122;5,3;2,9;
2023/01/28;1500 UTC;;935,9;936,2;935,9;2117,9;25,9;19,6;25,9;25;20,1;18,3;73;65;68;134;5,3;2,3;
2023/01/28;1600 UTC;;935;935,9;934,9;2278,8;26,3;19;26,7;25,7;20,3;17,5;70;60;64;137;4,2;1,6;
2023/01/28;1700 UTC;;933,7;935;933,7;3036,7;27,8;17,5;28,3;26;20,6;17,5;69;53;54;138;5,2;2,2;
2023/01/28;1800 UTC;;932,7;933,7;932,7;3119,6;29,4;18,8;29,4;27,5;20,5;17,4;63;49;53;101;5,3;1,2;
2023/01/28;1900 UTC;;932;932,7;931,9;2761,9;29,3;19,3;29,5;28,1;19,3;16,8;56;48;55;59;3,9;1,6;
2023/01/28;2000 UTC;;931,7;932,1;931,7;1839,6;29,2;17,5;29,8;29;19,6;16,7;55;47;49;61;3,9;1,7;
2023/01/28;2100 UTC;;932;932;931,7;571,6;28,2;18;29,2;27,9;18,7;17;55;49;54;92;3,9;,9;
2023/01/28;2200 UTC;;932,4;932,4;932;91,4;26,1;19,7;28,2;25,9;20;18;68;54;68;128;2,4;1,2;
2023/01/28;2300 UTC;;933,2;933,2;932,4;;24,3;19,4;26,1;24,3;20;19,3;76;67;74;227;3,1;1,9;
2023/01/29;0000 UTC;;934,2;934,2;933,2;;23,8;19,1;24,7;23,8;19,7;19;76;71;75;220;2,5;1,6;
2023/01/29;0100 UTC;;934,9;934,9;934,2;;23,4;20;24;23;20;19;82;75;81;328;2,7;,5;
2023/01/29;0200 UTC;;935,2;935,2;934,9;;23,3;19,5;23,8;23,1;20;19,4;81;78;79;185;3,4;,6;
2023/01/29;0300 UTC;;934,6;935,2;934,6;;22;19,4;23,6;21,9;19,7;19,1;85;79;85;240;3,3;2,3;
2023/01/29;0400 UTC;;934;934,6;934;;22,5;19,5;22,7;22;19,8;19,3;86;83;83;270;3,3;1,5;
2023/01/29;0500 UTC;;933,8;934;933,7;;21,5;19,3;22,6;21,5;19,6;19,1;87;82;87;203;3,2;1,1;
2023/01/29;0600 UTC;;933,6;933,8;933,6;;21,5;19,5;22;21;19,9;19;90;87;89;234;3,2;1,5;
2023/01/29;0700 UTC;;933,5;933,7;933,5;;21,6;19;21,6;21,3;19,5;19;89;85;85;237;3;2;
2023/01/29;0800 UTC;;933,5;933,5;933,3;;20,6;18,7;21,6;20,5;19;18,5;89;85;89;140;3,1;,7;
2023/01/29;0900 UTC;;933,9;933,9;933,5;;21;18,9;21,1;20,6;19,1;18,7;89;87;88;290;1,9;1,2;
2023/01/29;1000 UTC;;934,3;934,4;933,9;307;22,7;18,6;22,7;20,9;19,2;18,5;88;78;78;218;2;1;
2023/01/29;1100 UTC;;934,7;934,7;934,3;1046,5;24,7;19,7;24,8;22,7;20;18,5;79;73;74;117;2,4;1,6;
2023/01/29;1200 UTC;;934,8;934,8;934,7;1240,1;25,2;19,6;25,4;24,1;20,5;19,1;77;70;71;113;3,2;1,3;
2023/01/29;1300 UTC;;935;935;934,8;1456,2;26,4;20,8;26,4;24,9;20,8;19,1;74;67;72;138;4,7;1,3;
2023/01/29;1400 UTC;;934,4;935;934,4;3432,3;28,2;20;28,3;26,4;21,2;19;71;60;61;105;5,1;2,3;
2023/01/29;1500 UTC;;933,4;934,4;933,4;3449;29,2;20,8;29,2;27,2;21,3;19,2;67;57;61;79;6,4;3,6;
2023/01/29;1600 UTC;;932,1;933,4;932,1;3826;29,2;18,5;29,7;28;20,8;18,2;61;50;52;54;6,4;3,4;
2023/01/29;1700 UTC;;931,2;932,1;931,1;3388,8;30,1;19,9;30,4;28,5;20,1;17,1;55;48;55;114;6,1;1,9;
2023/01/29;1800 UTC;;930,8;931,2;930,8;2817,8;29,5;17,1;31,1;29,5;19,8;16,7;56;44;47;126;5,1;1,9;
2023/01/29;1900 UTC;;930,8;930,8;930,3;933,7;24,9;19,2;29,9;24,9;19,7;16,9;70;46;70;166;10,1;5,1;
2023/01/29;2000 UTC;;930,9;931,3;930,8;255,8;22,8;19,6;24,9;22,4;19,6;18,6;84;70;82;194;10,1;1,6;
2023/01/29;2100 UTC;;931;931,1;930,5;256,2;23,3;19,2;23,3;22,4;19,7;19;83;77;78;22;3,8;,6;
2023/01/29;2200 UTC;;931,1;931,4;931;77,4;22,7;19,5;23,7;22,7;19,7;18,4;83;72;82;216;3,3;2;
2023/01/29;2300 UTC;;931,9;931,9;931;;22,4;18,9;22,7;22;19,5;18,9;84;80;81;189;3,2;1;
2023/01/30;0000 UTC;;933,2;933,2;931,9;;22;19,2;22,6;22;19,5;18,9;84;81;84;259;3,5;1,6;
2023/01/30;0100 UTC;;933,3;933,3;933,1;;21,9;18,5;22,1;21,4;19,2;18,4;85;81;81;234;3,3;1,1;
2023/01/30;0200 UTC;;933,1;933,4;933,1;;21,4;18,2;21,9;21;18,8;18,2;86;81;82;234;2,3;1,8;
2023/01/30;0300 UTC;;932,5;933,3;932,5;;21,1;18,1;21,8;20,5;18,4;17,9;86;80;83;274;3,2;,7;
2023/01/30;0400 UTC;;931,8;932,5;931,8;;21,1;18,1;21,4;20,6;18,1;17,9;85;81;83;222;2,2;,8;
2023/01/30;0500 UTC;;931,5;931,8;931,5;;21;18;21,1;20,5;18,1;17,8;85;82;83;261;2,3;1,4;
2023/01/30;0600 UTC;;931,3;931,6;931,3;;20,8;18;21,3;20,1;18,4;17,7;87;82;84;275;1,9;,6;
2023/01/30;0700 UTC;;931,4;931,4;931,3;;20,3;17,9;21;20;18,1;17,7;87;83;86;225;1,2;,4;
2023/01/30;0800 UTC;;931,9;931,9;931,4;;20,7;18,4;20,7;19,9;18,4;17,7;88;86;87;299;1,8;1,6;
2023/01/30;0900 UTC;;932,5;932,5;931,9;;20,4;18,3;20,9;19,8;18,4;17,7;89;85;88;15;1,8;,7;
2023/01/30;1000 UTC;;933;933;932,5;238,9;21,4;18,5;21,4;20;18,5;17,9;88;83;84;167;1,7;,7;
2023/01/30;1100 UTC;;933,3;933,3;933;1088,5;24,2;19;24,3;21,4;19,3;17,9;84;72;73;97;2,1;1,1;
2023/01/30;1200 UTC;;934;934;933,3;2021,8;26;19,5;26;23,6;20;18,1;73;67;68;111;3,6;2;
2023/01/30;1300 UTC;;934,1;934,2;934;2817,4;27,1;19,9;27,2;25,6;20,9;18,9;72;64;65;91;5,6;2,9;
2023/01/30;1400 UTC;;933,4;934,1;933,3;3005,4;28,4;21;28,4;26,4;21,2;19,1;70;62;64;82;6,9;3,2;
2023/01/30;1500 UTC;;932,6;933,4;932,5;3544,2;28,8;20,3;29;27,3;21,3;19,1;66;58;60;100;6,7;4,2;
2023/01/30;1600 UTC;;932,3;932,6;932;2254,8;26,9;20,8;28,9;26,7;21,1;18,3;69;55;69;72;9,4;4,8;
2023/01/30;1700 UTC;;931,9;932,4;931,6;2314,7;26,4;18,6;27,3;26,2;20,8;18,2;70;61;62;326;8,5;4,4;
2023/01/30;1800 UTC;;931;932;931;1732,4;26,5;18,9;26,7;25,6;19;17,6;64;59;63;280;7,5;2,7;
2023/01/30;1900 UTC;;930,3;931;930;1340,4;26,9;19,3;27;26,1;19,3;18,3;65;62;63;165;5,1;1;
2023/01/30;2000 UTC;;930,4;930,4;930,1;827,9;24,7;19,5;26,9;24,7;20;19,1;74;62;73;229;5,3;2,3;
2023/01/30;2100 UTC;;930,4;930,5;930,2;353,8;24,3;20;24,9;24,1;20,3;19,5;78;72;77;207;3,7;1,3;
2023/01/30;2200 UTC;;930,5;930,5;930,2;104,2;23,5;20,3;24,4;23,5;20,5;19,7;82;76;82;238;2,8;2;
2023/01/30;2300 UTC;;931,7;931,7;930,5;;22,7;19,5;23,6;22,7;20,3;19,2;82;80;82;225;3,8;2,2;
2023/01/31;0000 UTC;;932,3;932,4;931,7;;22,5;19,2;22,7;22,3;19,8;19,2;85;82;82;236;3,4;1,7;
2023/01/31;0100 UTC;;933;933,1;932,3;;22;19,1;22,5;21,5;19,4;19;87;82;84;236;2,8;1,5;
2023/01/31;0200 UTC;;933;933,2;933;;21,7;18,7;22,3;21,7;19,1;18,7;84;81;83;256;2,2;1,8;
2023/01/31;0300 UTC;;932,8;933;932,8;;21,6;18,1;22,2;21,6;18,7;18;83;78;81;237;3,7;2,3;
2023/01/31;0400 UTC;;932,3;932,8;932,2;;21,3;17,6;21,7;21,2;18,1;17,6;81;78;80;235;3,1;2,1;
2023/01/31;0500 UTC;;931,9;932,3;931,9;;21,1;18;21,5;20,8;18;17,5;83;79;82;232;2,7;1,6;
2023/01/31;0600 UTC;;932;932,2;931,8;;20,6;18,8;21,2;19,8;18,9;17,6;91;82;89;338;2,8;,8;
2023/01/31;0700 UTC;;931,9;932;931,9;;20,5;18,5;21,1;19,9;18,8;17,8;89;85;88;246;2,7;1,8;
2023/01/31;0800 UTC;;932,3;932,3;931,9;;20,2;18,4;20,7;19,5;18,5;17,6;90;86;89;240;2,8;1,4;
2023/01/31;0900 UTC;;932,9;933;932,3;;20,5;18,9;20,5;20;18,9;18;91;88;90;105;2,3;,6;
2023/01/31;1000 UTC;;933,3;933,3;932,9;63,7;20,9;19,3;20,9;20,5;19,3;18,9;91;90;91;132;1,3;,5;
2023/01/31;1100 UTC;;934,2;934,2;933,3;405,4;21,9;19,3;21,9;20,9;19,7;19,1;91;85;85;135;3,3;1,3;
2023/01/31;1200 UTC;;934,2;934,3;934,1;1254;24,7;20,1;24,7;21,9;20,3;18,9;85;75;75;86;4,4;2,2;
2023/01/31;1300 UTC;;934,5;934,5;934,2;1660,7;25,4;19,5;25,6;24,1;20,4;19;76;67;70;92;6,3;3,2;
2023/01/31;1400 UTC;;934,2;934,5;934,2;1705,4;25,6;19;25,8;25,2;19,8;18;70;63;67;77;5,9;2,9;
2023/01/31;1500 UTC;;933,5;934,3;933,5;2694,7;26,9;19,1;27,1;25,4;20,6;18,7;69;62;62;95;5,9;2,7;
2023/01/31;1600 UTC;;932,8;933,5;932,8;3382,4;28,4;19,2;28,7;26,9;21;18,5;67;56;57;67;5,6;2,7;
2023/01/31;1700 UTC;;931,8;932,8;931,8;3575,3;29;17,3;30,1;28,2;20,8;17,1;63;47;49;68;6,5;2,4;
2023/01/31;1800 UTC;;931,2;931,8;931,1;2558,1;29,5;19,8;30,1;28,7;20,2;17,9;58;49;56;114;6,8;3;
2023/01/31;1900 UTC;;930,3;931,2;930,3;1848,4;29,8;18;30,3;28,4;20,3;17,7;58;48;49;135;5,7;2,1;
2023/01/31;2000 UTC;;930;930,3;930;1713,6;29,6;18,7;30,3;29,3;19,4;17;53;46;52;112;7,6;3,5;
2023/01/31;2100 UTC;;930,5;930,5;930;832,9;29;18,8;29,7;28,8;18,8;17,7;55;49;54;88;6,1;2;
2023/01/31;2200 UTC;;931,1;931,1;930,5;78,7;26,6;18,4;29;26,6;18,8;17,9;61;52;61;93;4,7;1,8;
2023/01/31;2300 UTC;;931,9;932;931,1;;26,1;19,1;26,7;26,1;19,2;18,4;65;61;65;135;2,7;,8;
2023/02/01;0000 UTC;;932,8;932,8;931,9;;25;18,8;26,1;24,7;19,2;18,8;71;65;69;241;2,2;1,9;
2023/02/01;0100 UTC;;933,2;933,3;932,8;;24,2;18,5;25,1;24;19;18,4;72;68;70;205;2,4;1,6;
2023/02/01;0200 UTC;;933,4;933,6;933,3;;24,2;18,4;24,8;24,1;18,6;18,2;71;68;70;198;2,6;1,2;
2023/02/01;0300 UTC;;933,2;933,5;933,2;;24,1;18,9;24,5;24;19;18,5;73;70;73;202;2,5;1,3;
2023/02/01;0400 UTC;;932,8;933,2;932,8;;22,7;19;24,1;22,5;19,1;18,7;80;73;80;205;3;1,3;
2023/02/01;0500 UTC;;932,6;932,9;932,6;;22,4;18,9;23,1;22,1;19,2;18,8;83;79;81;246;3,3;2,1;
2023/02/01;0600 UTC;;932,4;932,7;932,4;;22,2;18,7;22,4;21,9;18,8;18,6;81;80;80;271;2,9;,6;
2023/02/01;0700 UTC;;932,5;932,5;932,3;;20,7;18,7;22,2;20,2;18,7;17,6;88;80;88;2;2,3;,7;
2023/02/01;0800 UTC;;932,6;932,7;932,5;;21,3;18,2;21,6;20,7;18,9;18,2;88;82;83;232;2,2;1,8;
2023/02/01;0900 UTC;;933,1;933,3;932,6;;21,2;18,5;21,6;20,6;18,6;18,1;87;82;85;223;2,6;,4;
2023/02/01;1000 UTC;;933,4;933,4;933;211,6;22,4;19,1;22,4;20,4;19,1;17,7;87;81;81;53;1,7;1,1;
2023/02/01;1100 UTC;;934,1;934,1;933,3;1115,7;25,1;18,5;25,1;22,4;19,5;18,2;82;66;67;62;3,8;2,3;
2023/02/01;1200 UTC;;934,5;934,6;934,1;1848,7;25;17,3;26;25;18,4;16,5;66;57;62;27;7,2;3,7;
2023/02/01;1300 UTC;;934,5;934,6;934,5;2899,4;27,4;17,6;27,4;25;18,2;16,7;62;53;55;64;7,2;4,3;
2023/02/01;1400 UTC;;934,3;934,6;934,3;3515,9;28,1;17,5;28,2;26,5;19,1;17,2;61;52;53;21;7,5;2,9;
2023/02/01;1500 UTC;;934;934,3;934;3145,2;28,4;17,9;28,9;27,4;19,1;16,8;57;50;53;12;7,6;2,3;
2023/02/01;1600 UTC;;933,5;934;933,5;2250,4;28,6;17,5;29,7;28,1;19,4;16,9;56;49;51;36;6,8;2,7;
2023/02/01;1700 UTC;;932,9;933,5;932,9;2142,2;29,4;17,9;29,6;28,6;18,3;16,5;54;46;50;37;6,4;2,6;
2023/02/01;1800 UTC;;932;932,9;932;2561,1;29,8;17,2;30,5;29,2;18,4;14,6;52;40;47;30;6,6;3,1;
2023/02/01;1900 UTC;;931,4;932;931,4;2669,4;30,3;16;30,9;29,7;18,8;15,4;51;41;42;85;6,6;1,9;
2023/02/01;2000 UTC;;930,8;931,5;930,8;1680,7;29,8;16,1;30,8;29;18,2;15,7;48;41;44;72;6,7;3,4;
2023/02/01;2100 UTC;;930,5;930,8;930,5;956,2;29,3;16,1;29,9;29,3;17,6;15,5;48;43;45;76;6,9;3,2;
2023/02/01;2200 UTC;;931;931;930,5;97,9;27,4;16,9;29,3;27,4;17;15,5;53;43;53;74;5,3;2,2;
2023/02/01;2300 UTC;;931,9;931,9;931;;26;17,8;27,4;25,9;17,8;17;61;53;61;155;3,7;,7;
2023/02/02;0000 UTC;;932,7;932,9;931,9;;24,6;17,7;26;24,3;18,2;17,6;68;60;66;226;2,4;1,4;
2023/02/02;0100 UTC;;933,3;933,3;932,7;;24,2;17,4;25;23,1;18,1;17,3;72;64;66;246;2,3;,8;
2023/02/02;0200 UTC;;933,6;933,7;933,3;;22;17,7;24,2;22;18,9;17,4;77;66;77;271;1,5;,4;
2023/02/02;0300 UTC;;933,6;933,9;933,6;;23,2;17,4;23,6;22;18,3;17,3;77;69;70;305;1,5;,6;
2023/02/02;0400 UTC;;933,2;933,6;933,2;;22,7;16,9;23,2;21,8;17,4;16,9;74;69;70;250;2,1;1,7;
2023/02/02;0500 UTC;;932,7;933,2;932,7;;20,5;17,4;22,7;20,2;18,1;16,7;82;69;82;162;2;,7;
2023/02/02;0600 UTC;;932,5;932,8;932,5;;21;16,8;21,3;20,5;17,5;16,6;83;75;77;208;1,1;,7;
2023/02/02;0700 UTC;;932,6;932,7;932,5;;20,7;17,6;21;20,5;17,6;16,7;83;77;83;310;1,5;,5;
2023/02/02;0800 UTC;;933;933,1;932,6;;20,5;16,6;20,7;20,1;17,7;16,6;83;78;78;263;1,5;1;
2023/02/02;0900 UTC;;933,7;933,7;933;;20,2;17,2;20,8;20;17,3;16,5;83;78;83;3;2,1;,7;
2023/02/02;1000 UTC;;934,6;934,6;933,7;257,2;21,9;18,3;21,9;19;18,3;16,1;88;80;80;249;2;,8;
2023/02/02;1100 UTC;;935,4;935,4;934,6;1131,9;25;18,2;25,2;21,9;19;16,9;80;65;66;114;4,1;2,6;
2023/02/02;1200 UTC;;935,9;936,1;935,4;2043,8;26,4;18,9;26,4;24,7;19,2;17,2;70;60;63;79;4,1;2,1;
2023/02/02;1300 UTC;;936,1;936,1;936;2873,2;27,4;17,5;27,6;25,8;18,6;16,6;63;53;55;24;6,8;3,8;
2023/02/02;1400 UTC;;935,7;936,1;935,7;3441,7;27,9;16,8;28,8;26,9;18,7;16,7;57;50;51;26;8;3,4;
2023/02/02;1500 UTC;;935,1;935,7;935,1;3812,5;29,7;18,8;29,7;27,9;18,8;15,8;55;45;52;82;6,4;2,7;
2023/02/02;1600 UTC;;934,5;935,1;934,5;4108,3;29,8;15,4;30,6;28,7;19,3;12,9;53;35;42;82;8;3,1;
2023/02/02;1700 UTC;;933,3;934,5;933,3;3158,3;30,5;16,7;31,2;29,5;19,1;14,9;53;40;43;48;6,6;3;
2023/02/02;1800 UTC;;932,3;933,3;932,3;3101;30,3;15,3;31,4;29,8;17,4;14,3;47;37;40;97;7,4;2,5;
2023/02/02;1900 UTC;;931,6;932,3;931,5;2110,1;31;16;31,1;29,7;17,2;13,9;45;37;41;84;6,3;2,4;
2023/02/02;2000 UTC;;931,1;931,6;931,1;1412,9;30,7;14,3;31,2;29,3;16;12,7;41;35;37;71;5,9;2,9;
2023/02/02;2100 UTC;;931,1;931,2;931;1084,9;29,7;16,1;30,9;29,7;16,7;13,7;45;36;44;95;6,5;3,2;
2023/02/02;2200 UTC;;931,7;931,7;931;61,5;26,5;17,1;29,7;26,5;17,1;15,4;56;42;56;107;6,5;1,7;
2023/02/02;2300 UTC;;932,2;932,3;931,6;;26;17,3;26,8;26;17,5;16,8;59;54;59;214;2,6;,8;
2023/02/03;0000 UTC;;932,9;932,9;932,2;;25,8;16,3;26,4;25,4;17,4;16,3;61;56;56;257;1,5;,6;
2023/02/03;0100 UTC;;933,6;933,7;932,9;;24,2;17,6;26,1;24,1;18,1;16,2;68;55;67;232;1,6;,4;
2023/02/03;0200 UTC;;934;934,1;933,6;;24,2;17,6;24,4;23,9;17,8;17,1;68;65;67;315;1,3;,8;
2023/02/03;0300 UTC;;933,5;934;933,5;;24,1;16,8;24,9;23,9;17,7;16,4;67;59;64;319;1,9;1,1;
2023/02/03;0400 UTC;;933,1;933,5;933,1;;23,3;17,8;24,4;22,7;17,9;16,3;73;61;71;351;1,9;1,5;
2023/02/03;0500 UTC;;932,8;933,2;932,8;;22;16,9;23,6;22;17,7;16,9;74;68;72;179;1,9;,2;
2023/02/03;0600 UTC;;932,5;932,8;932,5;;21,4;17,1;22;21,1;17,1;16,8;77;72;76;237;2,7;2,1;
2023/02/03;0700 UTC;;932,3;932,5;932,1;;20,6;17;21,5;20,5;17,5;16,9;81;75;80;20;2,7;,9;
2023/02/03;0800 UTC;;932,7;932,8;932,2;;20,5;17,3;20,7;20,2;17,3;17;82;80;82;306;1,3;,8;
2023/02/03;0900 UTC;;933,5;933,6;932,7;;20,3;16,2;20,8;20,1;17,3;16,2;82;77;78;241;1;,6;
2023/02/03;1000 UTC;;934,3;934,3;933,5;227,8;22;16,9;22,3;20,1;17,4;16,2;81;69;73;233;1,2;,4;
2023/02/03;1100 UTC;;934,8;934,8;934,3;1063,6;24,8;18,7;24,8;21,2;18,8;16,6;76;68;69;121;1,9;1,2;
2023/02/03;1200 UTC;;935,3;935,4;934,8;2030,8;27;16,9;27,3;24,6;18,9;16,4;70;54;54;72;3,3;1,6;
2023/02/03;1300 UTC;;935,5;935,6;935,3;2751;28,3;16,9;28,5;26,8;18,9;16,6;60;49;50;29;6,1;3,4;
2023/02/03;1400 UTC;;935,5;935,7;935,4;3447,4;29,2;17,3;29,2;28,1;17,8;15,8;53;45;49;4;8,1;3,4;
2023/02/03;1500 UTC;;934,7;935,5;934,7;3840,8;29,8;15,2;30,4;28,8;17,8;15,2;50;41;41;64;7,4;4;
2023/02/03;1600 UTC;;933,8;934,7;933,8;4009,5;30,9;16,3;31,1;29,4;18;15,4;49;39;41;47;7,4;3,4;
2023/02/03;1700 UTC;;933;933,8;933;3107,3;29,6;15,4;31,4;29,6;17;12,4;43;33;42;60;7,4;3,1;
2023/02/03;1800 UTC;;932,3;933;932,2;3194,8;31,5;13,6;32;29,6;17,1;12,8;44;31;34;52;7,9;2,5;
2023/02/03;1900 UTC;;931,2;932,3;931,1;2738,4;31,5;15,7;32,1;30,9;16,1;12,1;40;31;39;79;8,5;4;
2023/02/03;2000 UTC;;930,9;931,2;930,8;1844,1;30,9;13,6;31,7;30,9;17,2;13,5;42;34;35;68;7,4;3;
2023/02/03;2100 UTC;;931,2;931,3;930,9;871,9;30,5;12,2;31,3;30,5;15,3;11,9;40;32;33;39;5,9;3,3;
2023/02/03;2200 UTC;;931,7;931,7;931,2;65,9;29;12,4;30,6;29;12,5;11,3;36;30;36;50;5,4;2,5;
2023/02/03;2300 UTC;;932,5;932,6;931,7;;25,3;14,9;29;25,2;15,7;12,2;54;35;53;211;4;1,2;
2023/02/04;0000 UTC;;933,4;933,4;932,5;;24,9;15,3;26,1;24,9;15,5;14,3;55;49;55;235;2;1,5;
2023/02/04;0100 UTC;;934,2;934,2;933,4;;24,5;16,4;25,6;24,4;16,4;14,6;61;51;61;250;3,5;1,6;
2023/02/04;0200 UTC;;934,7;934,7;934,2;;23,8;17,2;26,1;23,2;17,5;16,3;67;57;67;256;6,6;,7;
2023/02/04;0300 UTC;;934,5;934,7;934,5;;24,4;17,5;25,1;23,4;17,9;17,1;69;62;66;267;6,6;3;
2023/02/04;0400 UTC;;933,9;934,5;933,9;;24;16,9;24,4;23,9;17,5;16,9;67;65;65;278;8,5;3,3;
2023/02/04;0500 UTC;;933,9;934;933,8;;23,6;17,3;24;23,5;17,3;16,8;68;64;68;274;7,5;3,4;
2023/02/04;0600 UTC;;933,7;933,9;933,7;;23,5;17,4;23,8;23,5;17,4;17,3;69;67;69;283;7,5;3,8;
2023/02/04;0700 UTC;;934,1;934,1;933,7;;23,4;17,6;23,5;23,1;17,6;17,4;71;69;70;269;6,2;2,2;
2023/02/04;0800 UTC;;934,2;934,2;934;;22,1;17,8;23,5;22;17,8;17,5;77;69;77;119;6,7;1,6;
2023/02/04;0900 UTC;;935;935,1;934,2;;22,2;18,3;22,8;21,5;18,3;17,7;80;74;78;315;4,8;1,4;
2023/02/04;1000 UTC;;935,5;935,5;934,9;210,7;22,4;18,2;22,4;21,1;18,7;17,7;82;77;77;197;2,6;,8;
2023/02/04;1100 UTC;;935,8;935,8;935,5;1089,2;25,2;19,1;25,2;22,4;19,1;18;77;69;69;262;2;,7;
2023/02/04;1200 UTC;;936,2;936,3;935,9;2049,9;26,2;18,5;26,4;24,7;19,7;18,2;69;62;63;161;3,6;1,5;
2023/02/04;1300 UTC;;936,3;936,4;936,2;2879,3;27,5;19,4;27,7;25,9;20,2;18,4;66;61;61;153;4,6;1,7;
2023/02/04;1400 UTC;;936;936,3;936;3222,2;29;20,1;29;26,6;20,7;19;65;56;59;43;4,2;1,5;
2023/02/04;1500 UTC;;935,3;936;935,3;3096,3;29,3;19,1;30,2;28,3;21;18,3;61;51;54;171;4,2;1,7;
2023/02/04;1600 UTC;;934,4;935,3;934,4;2489,3;30,4;18;30,9;29;19,9;17,5;57;46;48;359;5,6;1,9;
2023/02/04;1700 UTC;;933,6;934,4;933,6;2533,5;30,9;19,3;31,4;30,2;19,7;17;51;42;50;27;5,8;2,1;
2023/02/04;1800 UTC;;932,7;933,6;932,7;1936,4;31,1;19,2;31,8;30,2;19,4;16,4;50;43;49;41;5,7;2,1;
2023/02/04;1900 UTC;;932,1;932,7;932;1180,1;29,9;19;32,1;29,5;19,6;16,7;53;42;52;45;5,8;1,2;
2023/02/04;2000 UTC;;932;932,2;931,7;430,4;29,2;20;30,2;29,2;20,3;17,9;59;48;58;268;3,7;1,4;
2023/02/04;2100 UTC;;932,1;932,1;931,6;455,9;26,2;20,5;29,2;26,2;20,5;18,9;71;54;71;195;4,8;1,2;
2023/02/04;2200 UTC;;932,8;933,3;931,8;40;25,7;19,8;27,5;25,2;20,4;18,7;72;59;70;171;5,4;2,3;
2023/02/04;2300 UTC;;933,4;933,6;932,7;;25,7;19,1;26,8;25,6;19,8;18,9;70;64;67;234;6,1;2;
2023/02/05;0000 UTC;;934,2;934,4;933,4;;26,4;18,7;26,4;24,8;19,3;18,6;70;62;62;337;6,9;3,1;
2023/02/05;0100 UTC;;936,2;936,3;933,9;;22,3;19,6;26,4;22,3;19,8;18,6;85;62;85;68;8,6;3,4;
2023/02/05;0200 UTC;;936,3;936,8;935,9;;20,7;19,2;22,3;20,7;19,8;19;91;84;91;233;7,1;1,4;
2023/02/05;0300 UTC;;935,9;936,5;935,7;;22;20,2;22,2;20,7;20,7;19,3;93;90;90;294;8,3;5;
2023/02/05;0400 UTC;;934,8;936,2;934,5;;21,3;19,8;22,1;21,3;20,2;19,3;91;87;91;251;8,3;2,1;
2023/02/05;0500 UTC;;935,5;935,5;934,3;;21,7;19,9;21,7;20,7;19,9;19;91;89;89;305;7,4;2,9;
2023/02/05;0600 UTC;;934,3;935,6;934,2;;20,6;18,3;21,7;20,6;19,7;18,3;91;86;87;249;6,7;3,4;
2023/02/05;0700 UTC;;934,2;934,9;934;,6;20,5;17,9;20,6;20,2;18,2;17,8;87;85;85;271;6,8;2,4;
2023/02/05;0800 UTC;;934,3;934,4;933,8;1,8;20;17,6;20,6;20;18;17,5;87;82;86;190;6;1,4;
2023/02/05;0900 UTC;;934,9;935;934;3,8;20;18;20,9;19,7;18,1;17,5;89;81;89;23;3,2;,8;
2023/02/05;1000 UTC;;935,8;935,9;934,8;202,5;21,3;18,4;21,3;19,9;18,4;17,3;89;79;84;338;2,7;,9;
2023/02/05;1100 UTC;;936,5;936,6;935,7;720,7;22,5;19,3;22,5;21,3;19,9;18;86;80;82;132;3;1,3;
2023/02/05;1200 UTC;;936,6;936,7;936,1;1215,6;24,2;19,2;24,2;22,5;19,9;18,8;83;74;74;110;2,8;1,6;
2023/02/05;1300 UTC;;936,6;936,8;936;2918,5;26,9;19,5;26,9;24,2;19,9;17,7;74;64;64;227;2,8;1;
2023/02/05;1400 UTC;;936;936,6;935,7;2945,6;27,9;18,3;28,1;26,9;21,1;17,6;69;54;56;219;4,4;2,4;
2023/02/05;1500 UTC;;935,4;936,2;935,1;2886,7;28,4;18,6;28,9;27,1;19,9;17,6;62;54;55;180;4,2;1,4;
2023/02/05;1600 UTC;;934,4;935,5;934,3;2692,9;28,8;18,8;29,6;28,2;19,9;18,3;58;52;55;213;3,6;1,8;
2023/02/05;1700 UTC;;933,6;934,4;933,5;1907,8;29,4;19,2;29,4;28,3;20,7;18,5;64;54;54;98;3,1;,8;
2023/02/05;1800 UTC;;932,8;933,7;932,8;2134,8;29,5;19,6;30,4;29,4;20,1;17,7;57;47;55;121;4,3;1,4;
2023/02/05;1900 UTC;;931,6;932,8;931,4;1299,6;28,7;19,9;29,7;28,7;20,5;19,2;59;55;59;154;3,7;2,4;
2023/02/05;2000 UTC;;931;931,6;930,9;848,8;28,7;19,8;28,8;28,2;20,9;19;65;56;59;156;4,3;2,5;
2023/02/05;2100 UTC;;931,4;931,5;930,8;564,7;27,6;21;28,8;27,6;21;19,3;67;57;67;144;4,3;,9;
2023/02/05;2200 UTC;;931,7;931,9;931,3;107,8;26,6;21,2;27,7;26,6;21,2;20,2;72;64;72;236;2,1;1,8;
2023/02/05;2300 UTC;;932,8;932,9;931,7;;25,7;19,9;26,7;25,7;21,3;19,9;75;69;71;233;2,2;1,6;
2023/02/06;0000 UTC;;933;933,3;932,5;;24,7;19,9;25,7;24,3;20,5;19,6;78;69;75;197;2,2;,3;
2023/02/06;0100 UTC;;934,1;934,4;933;;24,8;19,8;25,1;23,8;20;19,6;78;72;74;244;2;1,5;
2023/02/06;0200 UTC;;933,8;934,1;933,7;;24;19,5;24,8;22,8;20,8;19,2;84;74;76;224;2,1;,5;
2023/02/06;0300 UTC;;933;933,9;933;;24,2;18,7;24,3;23,1;19,6;18,6;79;71;71;244;2,1;1,3;
2023/02/06;0400 UTC;;932,7;933;932,4;;23,2;19,6;24,4;23;19,6;18,4;80;70;80;291;2,9;1,1;
2023/02/06;0500 UTC;;932,1;932,7;932,1;;22,7;19,4;23,6;22,2;19,7;18,7;82;77;82;273;3,2;1;
2023/02/06;0600 UTC;;931,8;932,1;931,8;;22,8;19,8;23,3;22,2;19,8;19,3;85;80;83;260;2,1;,3;
2023/02/06;0700 UTC;;932,4;932,5;931,6;;22,7;19,4;22,9;22;19,8;19,2;85;82;82;229;3;2,1;
2023/02/06;0800 UTC;;932,2;932,5;931,9;;23;19,6;23,3;22,1;19,9;19,1;85;80;81;269;3,3;1,1;
2023/02/06;0900 UTC;;932,8;932,9;932,1;;23,1;19,3;23,1;21,9;19,6;19,2;85;79;79;251;3,3;1,1;
2023/02/06;1000 UTC;;933,5;933,6;932,6;118,7;23,4;19,6;23,5;22,6;19,6;19,2;82;77;79;36;2,5;,9;
2023/02/06;1100 UTC;;934,4;934,5;933,4;821,7;25;19,6;25;23,4;20,4;19,4;82;72;72;282;2,6;1,2;
2023/02/06;1200 UTC;;935;935,1;934,2;1802,7;26,6;19,7;26,6;25;20,7;19,3;73;65;66;194;3,5;1,9;
2023/02/06;1300 UTC;;934,7;935;934,6;2507,8;28,1;20,8;28,6;26,5;21,1;19,3;68;59;65;119;3,5;1,2;
2023/02/06;1400 UTC;;934,8;934,9;934,5;3157;29,6;21,3;29,6;27,3;22,1;20;71;59;61;113;4,7;2,2;
2023/02/06;1500 UTC;;933,8;934,7;933,6;2023,5;28,7;21,1;29,7;28;22;20,2;69;57;64;80;7,6;3,4;
2023/02/06;1600 UTC;;933,4;934;933,3;1395,9;28,6;20,1;29,1;27,8;21,8;20,1;68;60;60;78;6,6;2,4;
2023/02/06;1700 UTC;;932,7;933,4;932,6;714,3;25,2;19,1;28,8;24,9;21,4;17,5;69;58;69;5;9,1;2,6;
2023/02/06;1800 UTC;;932,8;933;932,6;818,4;25,3;17,4;26,4;25,1;19,7;17,4;71;62;62;285;8,9;4,7;
2023/02/06;1900 UTC;;931,4;932,9;931,4;482,2;23,1;18,2;25,9;22,9;18,3;16,1;75;55;74;268;10;3,4;
2023/02/06;2000 UTC;;930,7;931,5;930,6;463;24,4;17,8;24,5;23;18,5;17,6;74;67;67;247;7,3;2,1;
2023/02/06;2100 UTC;;931,3;931,6;930,7;261,5;23,4;18,7;24,4;23;18,8;17,8;76;66;75;242;4;1,4;
2023/02/06;2200 UTC;;932;932,1;931,3;34,9;23,3;18;23,5;22,5;19;18;80;72;72;196;2,5;,9;
2023/02/06;2300 UTC;;932,4;932,5;931,9;;22,5;18;23,5;21,8;19,1;17,8;84;72;76;240;6,6;2,4;
2023/02/07;0000 UTC;;932,7;932,8;932,2;;21,4;18,1;22,7;21,2;18,1;17,8;82;75;82;186;3,9;1,6;
2023/02/07;0100 UTC;;933,6;933,8;932,5;;21,2;18,3;21,9;20,7;18,4;17,9;85;79;83;200;4,5;1,3;
2023/02/07;0200 UTC;;934,2;934,3;933,3;;21,3;18,3;21,4;20,8;18,4;18;85;82;83;208;2,4;1;
2023/02/07;0300 UTC;;934;934,3;933,8;;20,2;18,1;21,3;20,1;18,3;17,9;88;83;88;249;2,6;1,9;
2023/02/07;0400 UTC;;933,3;933,9;933,2;;20,9;17,9;21;20,2;18,4;17,6;88;83;83;224;3,4;1,4;
2023/02/07;0500 UTC;;932,8;933,4;932,7;;20,7;17,6;21,1;20;17,9;17,6;87;82;82;246;2,5;1,3;
2023/02/07;0600 UTC;;932,1;932,8;932,1;;20;17,3;20,9;20;17,6;17,2;84;81;84;214;3,5;1,1;
2023/02/07;0700 UTC;;932,7;932,8;932,1;;20,1;17,3;20,4;19,5;17,7;17,2;88;84;84;235;2,4;1,7;
2023/02/07;0800 UTC;;933,1;933,4;932,5;;19,7;17,1;20,3;19,6;17,5;16,9;85;82;85;238;2,7;2;
2023/02/07;0900 UTC;;933,7;933,9;933,1;;19,9;16,8;20,4;19,7;17,3;16,8;85;81;82;263;2,7;1,3;
2023/02/07;1000 UTC;;933,9;934,3;933,4;179,1;20,7;17,7;20,7;18,7;18;16,7;90;82;83;137;2,1;,7;
2023/02/07;1100 UTC;;934,7;934,7;933,9;1074,2;23,9;17,3;24;20,7;17,8;16,9;83;66;67;227;1,9;1,1;
2023/02/07;1200 UTC;;934,8;935,4;934,3;1996,8;26,3;18,7;26,3;23,7;19,6;17,1;68;62;63;112;3;1,2;
2023/02/07;1300 UTC;;934,9;934,9;934,7;2788,3;27,6;19,2;27,6;25,9;20;17,6;65;59;60;117;4,5;2;
2023/02/07;1400 UTC;;934,5;935;934,3;3377,5;28,7;18,3;29;27;20,3;17,4;64;52;53;109;5,2;1,7;
2023/02/07;1500 UTC;;933,9;934,5;933,9;3512,6;29,7;19,1;29,9;28,5;20,6;17,4;60;48;53;169;4,8;1,8;
2023/02/07;1600 UTC;;933;933,9;933;3991;30,5;17,7;30,9;29,4;20,6;17,4;55;45;46;187;3,8;1,6;
2023/02/07;1700 UTC;;932,2;933,2;932,1;2610,9;31;16;31,4;29,9;20,6;16;54;41;41;328;3,8;1,5;
2023/02/07;1800 UTC;;931,4;932,3;931,2;3121,9;31,7;16,7;32,1;31;17,4;14,6;44;35;41;8;5,9;2,8;
2023/02/07;1900 UTC;;930,2;931,3;930,1;2325,8;31,9;14,2;32,1;31,2;18;13,9;44;33;34;330;8,5;2,7;
2023/02/07;2000 UTC;;929,5;930,2;929,4;1816,4;31,4;13,7;32,2;31,4;15,3;12,7;37;31;34;44;5,6;2,7;
2023/02/07;2100 UTC;;929,8;930;929,4;369;29,5;16,9;31,3;29,5;17,8;13;49;34;47;96;5;2;
2023/02/07;2200 UTC;;930,6;930,8;929,7;80,9;28,4;17,2;29,6;28;18,9;16,3;57;45;51;241;2,9;1,3;
2023/02/07;2300 UTC;;931,8;931,8;930,5;;27;16,5;28,4;27;17,7;16,1;56;50;53;252;2,3;1,5;
2023/02/08;0000 UTC;;931,8;931,9;931,4;;26,5;16,8;27,2;25,5;18,5;16,3;63;51;55;265;2,1;1,1;
2023/02/08;0100 UTC;;933;933,1;931,7;;23,7;17,9;26,5;22,1;18,4;16,4;74;55;70;241;4,2;2,6;
2023/02/08;0200 UTC;;933,4;933,5;933;;24,5;18,1;25;23,7;18,3;18;70;66;68;225;3,9;1,2;
2023/02/08;0300 UTC;;933;933,3;932,9;;24,2;18,6;24,5;23,9;18,7;18,1;71;68;71;244;2,8;1,9;
2023/02/08;0400 UTC;;932,4;933;932,3;;23,9;18,4;24,3;23,7;18,7;18,3;73;70;71;237;2,8;1,7;
2023/02/08;0500 UTC;;931,9;932,4;931,9;;22,7;18,6;23,9;22,7;18,7;18,4;78;71;77;154;2,5;,4;
2023/02/08;0600 UTC;;931,7;932,1;931,7;;22,7;18,4;22,8;22,5;18,7;18,4;79;77;77;215;2,3;1,2;
2023/02/08;0700 UTC;;932,1;932,2;931,5;;21,2;18,6;22,7;20,9;18,6;18,1;86;77;85;150;2,7;1,2;
2023/02/08;0800 UTC;;932,1;932,3;931,9;;21;18,6;21,5;20,2;18,7;17,7;87;83;86;206;2,9;1,1;
2023/02/08;0900 UTC;;932,6;932,7;932,1;;21,1;18,3;21,2;20,4;18,5;17,7;86;84;84;285;2,6;,5;
2023/02/08;1000 UTC;;933;933,1;932,4;208,5;22,2;18,4;22,2;20,7;18,5;18;85;80;80;232;2,4;1,6;
2023/02/08;1100 UTC;;933,6;933,7;933;1032,4;23,9;18,2;24;22,2;19,4;18;80;70;70;192;3,7;1,8;
2023/02/08;1200 UTC;;933,9;934;933,5;1963,1;26;19;26,2;23,9;19,1;17,9;71;62;65;185;3,7;1;
2023/02/08;1300 UTC;;934,2;934,2;933,9;2749,6;28,3;19,3;28,5;26;20,8;18,3;68;58;58;118;4;2,1;
2023/02/08;1400 UTC;;933,6;934,3;933,6;3300,7;29,4;19,7;29,6;28,1;21,5;18,1;65;53;56;75;5,1;2,4;
2023/02/08;1500 UTC;;933,1;933,6;933;3575,3;29,9;18,6;30,3;28,9;21,2;18,5;61;50;51;52;5,8;2,6;
2023/02/08;1600 UTC;;932,1;933,1;932;2615,1;31;18,3;31;29,2;20,5;17,3;57;44;47;61;6,7;2,1;
2023/02/08;1700 UTC;;930,9;932,2;930,7;3038,8;31,4;17,9;31,5;30,1;19,8;16,8;53;43;44;34;5,8;2;
2023/02/08;1800 UTC;;929,9;930,9;929,8;2398,6;31;16;31,5;30,7;18,7;15,4;48;39;41;39;6,5;2,7;
2023/02/08;1900 UTC;;929,4;930;929,4;1860,3;30,9;18,6;31,6;30,2;18,7;16,1;50;41;48;37;8,4;4,2;
2023/02/08;2000 UTC;;929,2;929,6;929;1593;30,5;17,7;31,1;30,4;18,6;16,8;49;43;46;31;6,9;3,1;
2023/02/08;2100 UTC;;929,9;929,9;929,1;539,7;30;15,4;30,5;30;18,2;15,3;48;41;41;11;5,5;2,5;
2023/02/08;2200 UTC;;930;930,3;929,7;83,2;28,6;18,1;30;28,6;18,1;15,4;53;41;53;337;4;1,3;
2023/02/08;2300 UTC;;931,2;931,4;930;;25,6;19,7;28,6;25,6;19,9;18,2;70;53;70;90;3,4;1,7;
2023/02/09;0000 UTC;;931,7;931,8;931;;26,1;18,6;26,5;24,7;19,9;18,5;74;63;63;154;3,4;,8;
2023/02/09;0100 UTC;;932,5;932,5;931,6;;25;20,2;26,3;24,8;20,2;18,8;75;63;75;43;2,7;,9;
2023/02/09;0200 UTC;;932,5;932,8;932,2;;24,1;20,1;25,3;24,1;20,4;20,1;79;74;79;132;2,6;1,2;
2023/02/09;0300 UTC;;933;933,1;932,5;;23,8;19,3;24,6;23,6;20,3;19,3;79;76;76;194;3,3;1,9;
2023/02/09;0400 UTC;;932,7;933;932,6;;23,3;18,5;23,9;23,2;19,4;18,5;77;75;75;209;3,2;1,6;
2023/02/09;0500 UTC;;932,7;932,9;932,3;;23,2;18,4;23,4;23,1;18,6;18,3;75;74;74;192;2,8;1,5;
2023/02/09;0600 UTC;;932,2;932,6;932,1;;22,8;18,5;23,3;22,4;18,7;18,3;78;74;77;214;3,3;,6;
2023/02/09;0700 UTC;;932,3;932,4;931,9;;22;18,5;22,9;21,9;18,7;18,4;81;77;81;86;1,5;,9;
2023/02/09;0800 UTC;;932,8;933;932,1;;22;18,7;22,3;20,9;18,7;18;85;80;82;237;2,3;1,5;
2023/02/09;0900 UTC;;933;933,1;932,6;;21,4;18,4;22;21,4;18,6;18,3;83;81;83;247;3,1;1;
2023/02/09;1000 UTC;;933,7;933,8;933;192;22,2;18,6;22,2;20,3;18,7;17,6;86;80;80;231;2,8;1,3;
2023/02/09;1100 UTC;;934,4;934,4;933,7;926,5;23,6;19;24;22,2;19,1;18,5;81;73;75;147;4,8;2,7;
2023/02/09;1200 UTC;;935,4;935,4;934,2;1497,9;25,8;19,8;26;23,6;19,9;18,7;77;66;70;139;4,5;1,7;
2023/02/09;1300 UTC;;935,6;935,8;935,3;2629,8;26,5;19,8;27,4;25,6;20,8;18,8;71;61;67;155;5,5;3,2;
2023/02/09;1400 UTC;;934,7;935,8;934,6;3423,6;27,3;19,7;28,1;26,2;21,6;19,1;70;62;63;133;5,9;3;
2023/02/09;1500 UTC;;934,3;934,8;934,2;2476,5;28,2;19,1;28,6;26,6;21,5;19,1;70;58;58;106;5;3,1;
2023/02/09;1600 UTC;;933,5;934,4;933,5;2655,4;28,6;19,2;29,6;28,1;21;18,4;62;54;57;109;5,8;1,6;
2023/02/09;1700 UTC;;932,5;933,5;932,5;2435,6;28,7;20,6;29,4;26,8;21,6;19,5;70;57;62;135;7,9;4,2;
2023/02/09;1800 UTC;;932,5;932,6;932,3;1353,6;27,1;20,6;29,2;27,1;20,8;19,7;68;60;68;139;7,8;2,2;
2023/02/09;1900 UTC;;932,3;932,5;932,1;138,2;24;18,4;27,1;24;20,6;18,3;71;65;71;12;9,3;3,6;
2023/02/09;2000 UTC;;932,7;933;932,3;63,8;20,5;19;24;20,1;19,6;17,8;92;71;92;240;10,3;2,1;
2023/02/09;2100 UTC;;932,3;933,1;932,2;124,9;21,2;19,6;22,1;20,5;20;19,2;92;87;90;232;3,3;1,4;
2023/02/09;2200 UTC;;931,2;932,3;931,2;38,9;21,4;19,4;22,5;21,2;20,7;19,2;92;82;88;212;3,7;,8;
2023/02/09;2300 UTC;;932,6;932,9;931,3;;21,5;18,9;21,7;20,7;19,9;18,4;89;85;85;223;2,6;1,1;
2023/02/10;0000 UTC;;933,8;933,9;932,5;;20,8;18,4;21,5;20,3;19;18,2;89;85;86;186;3,6;2;
2023/02/10;0100 UTC;;933,6;933,7;933,2;;21,2;19,5;21,2;20,6;19,5;18,3;91;86;90;260;3,6;2,1;
2023/02/10;0200 UTC;;933,6;933,8;933,3;;21,3;19,5;21,7;20,8;19,7;18,7;90;87;89;243;3,3;1;
2023/02/10;0300 UTC;;933,4;933,6;933,1;;20,3;18,7;21,5;19,9;19,4;18;90;86;90;219;3,5;1,8;
2023/02/10;0400 UTC;;933,4;933,5;933,1;;19,9;17,9;20,6;19,9;18,9;17,9;91;87;89;222;3,5;1,1;
2023/02/10;0500 UTC;;932,4;933,4;932,2;;19,9;18,1;20,3;19,9;18,5;17,8;90;87;90;190;2,5;,4;
2023/02/10;0600 UTC;;932,2;932,5;932,1;;19,8;18,2;20,1;19,6;18,4;17,9;91;90;90;250;1,3;,7;
2023/02/10;0700 UTC;;932,5;932,7;931,9;;19,3;17,6;19,9;18,9;18,4;17,2;91;90;90;211;2,1;1,4;
2023/02/10;0800 UTC;;932,7;932,9;932,4;;19,7;17,5;20;19,2;18,1;17,5;91;87;87;227;2,7;1,8;
2023/02/10;0900 UTC;;933,3;933,4;932,5;;19,4;17,3;19,8;19,4;17,7;17,3;88;86;87;234;2,5;1,7;
2023/02/10;1000 UTC;;934,4;934,6;933,2;240,9;20,4;17,7;20,4;19,1;17,9;17,1;88;84;84;224;2,4;1,5;
2023/02/10;1100 UTC;;934,9;935,1;934,2;815,9;22,4;18,6;22,5;20,4;19,1;17,7;85;78;79;148;2,5;1,2;
2023/02/10;1200 UTC;;935,1;935,4;934,7;1685,8;25,5;19,7;25,6;22,3;20,1;17,9;80;69;70;101;3,5;2;
2023/02/10;1300 UTC;;935,1;935,3;934,9;2767,4;27;19,8;27;25,3;19,8;18,2;71;60;65;62;7,1;3,6;
2023/02/10;1400 UTC;;934,7;935,1;934,6;3386,2;27,9;19,1;28,1;26,5;19,7;17,8;64;56;59;52;7,3;4,3;
2023/02/10;1500 UTC;;934,2;934,8;934,1;3777,4;28,2;18,1;28,9;27,3;19,7;17,2;59;50;54;21;8,6;4,2;
2023/02/10;1600 UTC;;933,1;934,2;933,1;3925,6;29,1;17,8;29,3;28,2;18,9;17,5;56;50;51;25;8,7;4;
2023/02/10;1700 UTC;;932,3;933,3;932,3;3518;29,7;18;30,4;29;19,8;17,2;56;47;49;27;7,6;3,5;
2023/02/10;1800 UTC;;931,4;932,8;931,3;3549,8;30,5;18,2;30,9;29,6;19,3;16,9;54;45;48;70;7,6;2,9;
2023/02/10;1900 UTC;;930,4;931,4;930,4;2028,5;29,3;17,4;30,9;29,3;18,7;16,6;51;43;49;87;7,7;3,5;
2023/02/10;2000 UTC;;930,1;930,6;930;1299,7;30,1;17,5;30,2;29,3;17,9;16,8;49;45;47;26;6,6;3,4;
2023/02/10;2100 UTC;;930;930,1;929,6;858,8;29;17;30,2;29;17,8;16,7;50;45;48;64;6;2,7;
2023/02/10;2200 UTC;;930,3;930,6;929,7;85,7;27,3;18;29,1;27,3;18;16,3;57;46;57;128;4,6;1,2;
2023/02/10;2300 UTC;;931,3;931,3;930,3;;25,9;18,3;27,3;25,9;18,9;18;65;57;63;241;1,9;,9;
2023/02/11;0000 UTC;;932,1;932,3;931,3;;25,4;18,9;26,7;25,4;19,4;17,9;68;59;67;199;1,6;,5;
2023/02/11;0100 UTC;;932,8;933,2;931,9;;24,3;18,8;25,7;23,5;19,5;18,7;77;66;72;193;1,8;1,1;
2023/02/11;0200 UTC;;933,4;933,5;932,8;;24,6;18,4;24,9;24;18,8;18,3;72;67;69;188;2,9;1,6;
2023/02/11;0300 UTC;;933,4;933,7;933;;23,4;18,5;24,6;23,4;18,7;18,2;74;69;74;228;2,9;1,7;
2023/02/11;0400 UTC;;933,2;933,3;933;;23;18,7;23,4;22,4;18,8;18,5;79;74;77;247;3,4;1,9;
2023/02/11;0500 UTC;;932,6;933,2;932,5;;23,1;18,6;23,3;22,9;18,7;18,4;77;75;76;232;2,9;1,7;
2023/02/11;0600 UTC;;932,2;932,6;932;;22,5;18,9;23,1;22,4;19;18,6;81;76;80;220;3,1;,9;
2023/02/11;0700 UTC;;932,8;932,8;932,1;;21,7;18,9;22,7;21,7;19;18,8;84;80;84;239;2,3;1,9;
2023/02/11;0800 UTC;;933,1;933,2;932,5;;21,7;18,8;21,9;21,1;19,1;18,4;85;83;84;187;3;1,4;
2023/02/11;0900 UTC;;933,1;933,4;932,8;;21,6;18,7;21,7;21,4;18,8;18,6;85;83;83;206;3;1,7;
2023/02/11;1000 UTC;;934,1;934,2;933,1;210,7;21,9;18,8;22;21,6;18,9;18,5;83;81;83;214;3,7;2;
2023/02/11;1100 UTC;;934,7;934,7;934;1127,4;23,9;19;24,1;21,8;19,7;18,8;83;74;74;152;5,5;2,8;
2023/02/11;1200 UTC;;935;935,2;934,5;1107,1;24,3;19,4;24,4;23,6;19,9;18,9;78;73;74;160;5,5;1,3;
2023/02/11;1300 UTC;;935,1;935,2;934,9;1175,5;25,4;19,4;25,4;24,1;19,9;19;75;69;70;109;3,7;1,6;
2023/02/11;1400 UTC;;934,8;935,1;934,7;2600,1;27,1;19,1;27,4;25,4;20,1;17,7;71;58;62;43;6;2,5;
2023/02/11;1500 UTC;;934,1;934,8;934;3758,2;28,1;18,7;28,2;27;20,3;17,5;63;54;57;58;6,5;3;
2023/02/11;1600 UTC;;933,3;934,1;933,3;3842;28,7;17,8;29,4;27,7;20,2;17,4;60;50;52;51;7,1;3;
2023/02/11;1700 UTC;;932,6;933,3;932,6;3879,2;30,1;18,1;30,4;28,5;20,6;16,5;59;45;49;74;7,2;2,9;
2023/02/11;1800 UTC;;931,6;932,7;931,6;3383,5;30,5;16,4;30,7;29,7;18,1;14,8;50;39;43;357;6,4;1,9;
2023/02/11;1900 UTC;;930,8;931,6;930,8;2554,7;31,2;15,7;31,3;29,7;17,5;13,8;46;36;39;82;6,3;,9;
2023/02/11;2000 UTC;;930;930,8;930;1341,8;29,9;17,8;31,2;28,6;19;16;56;40;48;110;5,1;2;
2023/02/11;2100 UTC;;930;930,1;929,9;822,5;29,4;17,1;30,1;29,3;18,6;16,8;51;46;48;84;4,7;1,7;
2023/02/11;2200 UTC;;930,4;930,4;930;41,8;27,3;17,8;29,4;27,3;18;16,8;56;47;56;149;3,4;,6;
2023/02/11;2300 UTC;;931;931;930,4;;26,6;17,9;27,6;25,8;18,4;17,7;63;55;59;186;2;,8;
2023/02/12;0000 UTC;;931,4;931,4;931;;25,1;17,6;26,6;25,1;17,8;17,5;63;58;63;237;2;1,6;
2023/02/12;0100 UTC;;932;932;931,4;;25;17,2;25,8;25;17,7;16,9;63;59;62;212;2;,9;
2023/02/12;0200 UTC;;932,3;932,3;932;;24,3;16,9;25;24;18,1;16,4;68;61;64;259;1,6;,8;
2023/02/12;0300 UTC;;932,3;932,4;932,3;;23,3;17,4;24,5;22,9;17,6;16,4;72;62;69;283;1,9;,5;
2023/02/12;0400 UTC;;931,8;932,3;931,8;;22,4;17,3;23,9;22,4;17,8;17,1;73;66;73;231;1,9;1,3;
2023/02/12;0500 UTC;;931,6;931,9;931,6;;22,3;17,1;23,3;22,2;17,7;16,8;73;67;72;239;2,1;1,5;
2023/02/12;0600 UTC;;931,3;931,6;931,3;;22,3;17,7;23,1;22;17,8;16,9;76;69;75;300;2,5;,5;
2023/02/12;0700 UTC;;931,4;931,4;931,3;;21,3;17,7;22,4;21,1;17,7;17,4;80;73;80;134;1,3;,5;
2023/02/12;0800 UTC;;931,8;931,8;931,4;;20,5;17,6;21,9;20,4;18;17,2;83;78;83;250;1,3;,5;
2023/02/12;0900 UTC;;932,3;932,3;931,7;;21,3;17,5;21,6;20,5;17,8;17,3;84;78;79;216;2;1,1;
2023/02/12;1000 UTC;;932,8;932,8;932,3;234,8;23,1;18,3;23,1;21,3;18,3;17,5;79;74;74;224;1,6;,4;
2023/02/12;1100 UTC;;933,5;933,5;932,8;1091,5;25,2;18,3;25,4;23,1;19,1;17,8;74;64;66;77;3,2;1,3;
2023/02/12;1200 UTC;;933,8;933,8;933,5;1722,3;25,8;18,2;26,3;25,1;19;17,8;67;62;63;29;8,1;4,2;
2023/02/12;1300 UTC;;933,8;933,9;933,8;2802,5;27,5;19,1;27,6;25,8;19,7;18,1;65;60;60;33;7,7;4,4;
2023/02/12;1400 UTC;;933,8;933,9;933,7;3410,1;28,7;19;29;27,3;19,9;18,3;62;55;56;35;8,9;4,9;
2023/02/12;1500 UTC;;933,3;933,8;933,2;3814;29,7;19,2;30,2;28,5;20,5;18,5;58;51;53;54;8,5;3,8;
2023/02/12;1600 UTC;;932,1;933,3;932,1;3643,4;29,8;18,8;30,8;29,5;20,2;18,2;54;48;52;55;8,2;4,5;
2023/02/12;1700 UTC;;931,4;932;931,4;2190,7;30;18,8;31,3;29,5;20,5;17,3;55;46;51;51;8,7;3,1;
2023/02/12;1800 UTC;;930,4;931,4;930,4;2439;31,4;18,3;31,6;30;19,2;16,7;52;42;46;55;7,8;3,3;
2023/02/12;1900 UTC;;930,2;930,4;930,1;1799,8;30,7;18,6;31,4;30,7;19,4;16,6;50;41;49;92;7,3;2,4;
2023/02/12;2000 UTC;;929,8;930,2;929,8;999,4;29,9;19,6;30,9;29,9;20,7;17,9;58;46;54;144;4,8;2,1;
2023/02/12;2100 UTC;;929,9;930,1;929,7;353,5;26,6;18,7;29,9;26,5;19,5;18,5;65;54;62;228;6,8;1,5;
2023/02/12;2200 UTC;;930,4;930,4;929,9;61,2;25,4;17,6;26,7;25,4;18,6;17,4;62;59;62;228;3,8;1,8;
2023/02/12;2300 UTC;;930,7;930,8;930,4;;25,1;17,8;25,4;24,6;18;17,5;65;62;64;173;2,9;,9;
2023/02/13;0000 UTC;;932;932;930,7;;24,3;18,4;25,1;24,3;18,5;17,7;70;64;70;221;3,5;2,1;
2023/02/13;0100 UTC;;932,4;932,5;932;;23,5;18,8;24,3;23,1;19;18,3;76;70;75;207;3,5;1,3;
2023/02/13;0200 UTC;;932,6;932,8;932,4;;23,5;18,5;23,6;23,2;18,9;18,5;76;74;74;200;3,4;1,6;
2023/02/13;0300 UTC;;932,7;932,9;932,6;;22,8;18,2;23,7;22,7;18,6;18,1;75;72;75;198;3,7;1,2;
2023/02/13;0400 UTC;;932,3;932,7;932,3;;22,5;17,9;22,8;22,3;18,2;17,9;76;75;75;197;2,5;1,1;
2023/02/13;0500 UTC;;931,9;932,3;931,8;;21,9;17,8;22,5;21,6;18;17,7;79;75;78;216;3,1;1,7;
2023/02/13;0600 UTC;;932,2;932,2;931,9;;21,7;17,9;22;21,4;18,2;17,9;81;78;79;223;3,6;2;
2023/02/13;0700 UTC;;932,3;932,3;932,1;;21;18,3;21,7;21;18,5;17,9;84;79;84;208;4,5;1,2;
2023/02/13;0800 UTC;;932,4;932,4;932,3;;21,4;18,2;21,6;20,6;18,5;17,9;86;82;82;213;2,4;1,3;
2023/02/13;0900 UTC;;933;933;932,4;;21;18,2;21,5;20,7;18,3;17,9;85;82;84;217;2,6;1,6;
2023/02/13;1000 UTC;;933,4;933,4;933;123,3;21,2;18,3;21,2;20,8;18,4;18,1;85;84;84;183;2,8;,7;
2023/02/13;1100 UTC;;934;934;933,4;734,2;22,9;18,5;23,1;21,2;19;18,3;84;76;77;161;2,1;1,3;
2023/02/13;1200 UTC;;934,4;934,4;934;1661,6;25,2;18,3;25,6;22,9;19,3;18,2;78;65;65;138;4,6;1,5;
2023/02/13;1300 UTC;;934,5;934,6;934,4;2355,3;26,3;18,4;27;24,8;19,5;17,8;69;60;62;96;6,1;3,3;
2023/02/13;1400 UTC;;934;934,5;934;2037,2;27,7;18,7;27,7;25,9;19,6;17,8;66;57;58;69;6,1;3,2;
2023/02/13;1500 UTC;;933,8;934;933,8;3180,9;28,1;18,7;28,5;27,3;19,3;17,4;60;53;57;16;6,7;3,9;
2023/02/13;1600 UTC;;933,1;933,8;933,1;3993,4;30,6;19,3;30,6;27,8;19,9;17,5;58;47;51;57;6,7;2,4;
2023/02/13;1700 UTC;;932,5;933,1;932,5;3844,7;30,6;17,9;31,3;29,6;20,5;17;55;44;47;42;6,5;3,3;
2023/02/13;1800 UTC;;931,8;932,5;931,8;2658,5;31;17,7;31,7;30,2;19,7;16,2;51;41;45;8;6,5;2,7;
2023/02/13;1900 UTC;;931;931,8;931;2305,7;31,4;16,1;32,2;30,7;18,1;14,7;45;36;40;86;4,8;2,1;
2023/02/13;2000 UTC;;930,7;931,1;930,7;1694,4;30,6;16,2;31,9;30,6;17,2;14,3;43;35;42;103;5,2;2,7;
2023/02/13;2100 UTC;;930,6;930,7;930,6;707,3;30,3;16,3;31,1;29,9;17,2;15,1;45;38;43;72;5;2,1;
2023/02/13;2200 UTC;;930,8;930,8;930,5;53,5;28,4;17,9;30,3;28,2;17,9;15,9;53;42;53;76;3,6;2,3;
2023/02/13;2300 UTC;;931,2;931,2;930,8;;26,7;17,9;28,4;26,7;18,3;17,8;59;53;59;95;3,6;1;
2023/02/14;0000 UTC;;932;932;931,1;;25,7;18,3;27;25,7;18,9;17,9;64;58;64;226;2,5;1,3;
2023/02/14;0100 UTC;;932,5;932,6;932;;26;18,8;26,2;25,6;18,8;18,2;65;63;65;251;1,7;,7;
2023/02/14;0200 UTC;;932,3;932,6;932,2;;25,1;19,3;26,1;24,5;19,4;18,8;72;64;70;255;1,4;,5;
2023/02/14;0300 UTC;;931,9;932,3;931,9;;24,5;19,1;25,2;23,8;19,4;18,9;75;69;72;243;2,1;1,7;
2023/02/14;0400 UTC;;931,4;931,9;931,4;;23,9;19,4;25;23,8;19,4;18,9;76;70;76;308;2,1;,8;
2023/02/14;0500 UTC;;931,2;931,4;931,2;;23,4;19,4;24;23,4;19,6;19,3;79;76;78;40;1,1;,2;
2023/02/14;0600 UTC;;931,4;931,4;931,1;;22,7;18,9;23,4;21,4;19,5;18;83;77;79;198;2,9;1,3;
2023/02/14;0700 UTC;;931,4;931,5;931,3;;22,7;18,6;22,9;22,1;18,9;18,4;81;76;78;274;3;1,2;
2023/02/14;0800 UTC;;931,8;931,9;931,4;;22;18,7;22,7;22;18,9;18,6;82;78;82;358;2;1,1;
2023/02/14;0900 UTC;;932,7;932,7;931,8;;22,3;18,4;22,6;21,1;18,8;18;84;78;78;233;2,1;,5;
2023/02/14;1000 UTC;;933,2;933,2;932,7;198,8;23,6;19,2;23,6;21,3;19,4;17,8;83;76;76;357;1,6;,4;
2023/02/14;1100 UTC;;934;934;933,2;1023,6;25,4;18,9;25,5;23,6;19,7;18,2;76;66;67;174;3;1,6;
2023/02/14;1200 UTC;;934,3;934,3;934;1618,6;26,3;18,6;27,1;25,4;20;18,6;68;62;63;155;3,5;1,4;
2023/02/14;1300 UTC;;934,2;934,3;934,1;2088,1;28,7;19;28,7;26,2;20,7;18,2;66;55;56;80;6,2;3;
2023/02/14;1400 UTC;;933,6;934,2;933,5;3294,6;29,2;17,1;29,6;28,3;19,2;16,1;57;46;48;21;7;4,6;
2023/02/14;1500 UTC;;932,8;933,6;932,8;3831,5;30,7;18,3;30,9;29,2;19,9;16,7;53;46;48;81;7;3,6;
2023/02/14;1600 UTC;;932,2;932,8;932,2;3904,2;31,3;18,6;31,3;30,2;19,8;17,7;52;45;47;65;7,1;2,4;
2023/02/14;1700 UTC;;931,5;932,2;931,5;3820,1;31,5;18,1;32,2;31;20,5;16,9;52;42;45;40;7,6;2,9;
2023/02/14;1800 UTC;;930,9;931,5;930,9;3015,5;31,4;19;32,9;30,8;19,7;17,2;49;40;48;79;6,3;2,4;
2023/02/14;1900 UTC;;930;930,9;930;1713,3;32,5;17,7;32,5;30,5;19,7;16,9;51;40;41;20;5;2,1;
2023/02/14;2000 UTC;;929,5;930;929,5;1879,5;32,1;18,4;32,7;32;19,4;16,5;47;38;44;58;5,7;2,8;
2023/02/14;2100 UTC;;929,7;929,8;929,5;727,5;30,7;17,8;32,2;30,6;18,8;16,5;49;40;46;75;5,3;2;
2023/02/14;2200 UTC;;929,9;929,9;929,5;61,9;29,1;18,5;30,7;29,1;18,6;17,1;53;45;53;118;3,8;1;
2023/02/14;2300 UTC;;930,3;930,4;929,9;;27,4;19,4;29,1;27,2;19,7;18,4;62;53;62;221;2,1;,6;
2023/02/15;0000 UTC;;930,4;930,4;930,3;;26,6;19,4;27,7;26,6;19,8;18,8;65;59;65;212;1,6;,4;
2023/02/15;0100 UTC;;931;931;930,4;;26,2;19,1;26,7;26;19,7;18,9;67;64;65;233;1,4;,7;
2023/02/15;0200 UTC;;931,3;931,3;931;;26,1;18,6;26,6;25,4;19,7;18,5;70;63;64;217;3;1,1;
2023/02/15;0300 UTC;;931,1;931,4;931,1;;26,1;19;26,2;24,3;19,2;18,5;73;63;65;355;2,3;1;
2023/02/15;0400 UTC;;931;931,2;931;;24,7;19,1;26,1;24,1;19,4;18,8;72;65;71;225;1,5;,8;
2023/02/15;0500 UTC;;930,8;931,1;930,8;;24;18,8;24,7;23,5;19,1;18,6;77;71;73;238;1,5;,9;
2023/02/15;0600 UTC;;930,8;930,8;930,4;;22,9;18,8;24,2;22,5;19,3;18,6;80;71;78;202;1,8;,5;
2023/02/15;0700 UTC;;931,1;931,1;930,8;;23,1;18,9;23,6;22,6;19,3;18,8;80;76;77;232;2,1;1,7;
2023/02/15;0800 UTC;;931,4;931,4;931;;22,4;19,2;23,3;21,1;19,3;18,2;85;76;82;223;2,4;1,6;
2023/02/15;0900 UTC;;931,4;931,5;931,3;;22,9;19;23,3;22,3;19,4;18,9;83;77;79;214;2,8;,6;
2023/02/15;1000 UTC;;931,8;931,8;931,3;106,3;22,3;19,2;23;22,1;19,3;18,8;83;79;83;219;1,3;,6;
2023/02/15;1100 UTC;;932;932;931,8;762,9;25,4;20;25,4;22,3;20;19,1;83;71;72;146;1,7;,8;
2023/02/15;1200 UTC;;932,3;932,3;931,9;1918,4;27,9;18,3;28;25,4;20,7;18,3;73;56;56;73;5;2,8;
2023/02/15;1300 UTC;;932,6;932,7;932,3;2726,9;28,8;16,5;28,9;27,6;19,5;15,6;60;45;47;25;7,1;3,9;
2023/02/15;1400 UTC;;932,4;932,6;932,4;3347,2;29,7;17,9;29,9;28,5;18,5;16,3;53;46;49;31;7,3;3,5;
2023/02/15;1500 UTC;;932;932,4;932;3718,2;30,7;16,3;31,3;29,5;18,3;15,6;49;39;42;9;7,5;3,6;
2023/02/15;1600 UTC;;931,2;932,1;931,2;3857,6;31,8;16,7;32,1;30,5;18;14,8;47;38;40;35;7;1,7;
2023/02/15;1700 UTC;;930;931,2;930;3728,3;32,5;18,1;32,5;31,5;18,1;15,4;43;37;42;113;7,3;1,7;
2023/02/15;1800 UTC;;928,8;930;928,8;2727,1;32,1;17,4;33,4;31,1;19,5;15,5;49;36;41;99;6,2;2,7;
2023/02/15;1900 UTC;;927,9;928,8;927,9;1096,5;32,2;17,9;32,2;30,3;19,7;16,4;52;40;43;67;6,2;2;
2023/02/15;2000 UTC;;927,6;927,9;927,4;1534,9;32,2;15,8;32,5;31,5;18,9;15,7;46;37;37;49;5,9;3,2;
2023/02/15;2100 UTC;;928;928;927,6;688;30,9;17;32,2;30,9;18,3;15,1;47;36;43;67;5,7;3,5;
2023/02/15;2200 UTC;;928;928;927,8;58,1;28,9;18;30,9;28,9;18;16,2;52;42;52;81;5,2;1,7;
2023/02/15;2300 UTC;;928,5;928,5;928;;27,9;18,4;28,9;27,7;18,7;17,5;58;50;56;113;3,5;,9;
2023/02/16;0000 UTC;;929,1;929,2;928,5;;27,1;18,4;28,1;26,6;18,9;18,2;62;55;59;187;1,7;,5;
2023/02/16;0100 UTC;;929,6;929,6;929,1;;27,3;18,1;27,5;26,7;18,9;17,5;60;56;57;10;1,5;,8;
2023/02/16;0200 UTC;;930;930;929,6;;27,1;17,8;27,3;26,5;18,6;17,6;62;56;57;21;3,5;1,8;
2023/02/16;0300 UTC;;929,7;930;929,7;;26;17,8;27,1;25,9;18,7;17,5;64;57;61;16;2,8;,3;
2023/02/16;0400 UTC;;929;929,7;929;;25,2;18,3;26;25,2;18,8;17,7;67;60;66;48;1,2;,3;
2023/02/16;0500 UTC;;928,3;929;928,3;;23,4;18,4;25,2;23,3;19,2;18;75;65;74;236;2,5;1,5;
2023/02/16;0600 UTC;;928;928,3;928;;23,8;19,2;24,6;23,4;19,2;18,5;76;69;76;3;2,5;1;
2023/02/16;0700 UTC;;929;929;928;;24,3;18,5;25,2;22,7;19,4;17,5;76;62;70;280;8,6;4,3;
2023/02/16;0800 UTC;;929,4;929,4;929;;23,6;18,6;24,4;23,6;18,6;18,4;74;70;74;268;11,4;2,6;
2023/02/16;0900 UTC;;929,4;929,5;929,3;;22,7;18,4;23,7;22,6;18,6;18,3;77;73;77;221;5,5;,8;
2023/02/16;1000 UTC;;929,8;929,8;929,1;215,3;23,6;19;23,6;22,3;19;18,3;78;75;75;250;2,5;1,3;
2023/02/16;1100 UTC;;930,4;930,5;929,8;655;25,2;18,8;25,2;23,3;19,1;18,4;75;67;68;244;6,5;1,8;
2023/02/16;1200 UTC;;931;931,3;930,3;1703,3;27,5;19,3;27,5;25,2;19,6;17,9;68;59;61;186;3,9;1,5;
2023/02/16;1300 UTC;;931;931,2;930,8;2863,7;27,8;18,4;28,6;27,2;19,8;18;62;56;56;194;5;1,6;
2023/02/16;1400 UTC;;930,2;931;930,1;3351,9;30,7;19,4;30,7;27,8;21,5;18,2;59;50;51;89;5,1;2,1;
2023/02/16;1500 UTC;;929,5;930,2;929,5;2762;30,1;18,7;31,2;29,6;19,5;17,3;52;45;51;350;6,1;1,6;
2023/02/16;1600 UTC;;928,8;929,6;928,6;1900,2;30;19,2;31,2;29,9;19,7;18;52;47;52;252;7,5;2,2;
2023/02/16;1700 UTC;;927,4;928,7;927,4;1913,6;30,7;19,5;32,1;29,3;20,6;18,3;57;46;51;139;4,1;1,8;
2023/02/16;1800 UTC;;926,7;927,4;926,6;2255,6;32,3;20;32,7;30,5;21,5;18;57;43;48;112;4,7;2,4;
2023/02/16;1900 UTC;;926;926,7;925,8;844,2;30,8;19,1;32,7;30,3;20,8;17,9;53;45;50;186;4,7;1,4;
2023/02/16;2000 UTC;;926;926,5;925,7;436,9;26,3;18,1;31,5;26,2;19,2;16,7;61;46;61;287;16,4;5,8;
2023/02/16;2100 UTC;;927,2;927,7;926;73,7;23,4;17,6;26,4;22,9;18,4;17,4;73;59;70;213;9,3;3;
2023/02/16;2200 UTC;;927,4;927,7;926,9;9;23,5;17,2;24,4;23,1;17,6;17;71;64;68;232;6;2,7;
2023/02/16;2300 UTC;;927,7;927,9;927,2;;23;17,6;23,5;23;17,6;17;72;67;72;241;4,9;1,6;
2023/02/17;0000 UTC;;928,5;928,9;927,5;;23,5;17;23,7;22,8;17,6;16,9;72;66;67;231;3,7;2;
2023/02/17;0100 UTC;;929,4;929,6;928,4;;23,5;16,5;24;23;17,1;16,5;69;63;65;239;3,5;1,2;
2023/02/17;0200 UTC;;930,1;930,4;929,4;;22,7;17,4;24;22,4;17,8;16,6;75;64;72;253;2,8;1,8;
2023/02/17;0300 UTC;;930;930,3;929,6;;23,9;18;24,1;22,8;18,2;17,3;72;69;70;224;8,5;1,8;
2023/02/17;0400 UTC;;929,5;929,9;929,4;;22,8;18;23,9;22,5;18,1;17,8;75;69;75;200;4,3;,6;
2023/02/17;0500 UTC;;929,2;929,5;929,2;;22,9;18,1;23;22,5;18,3;18;76;74;74;237;3,1;1,5;
2023/02/17;0600 UTC;;928,8;929,3;928,8;;22,4;17,9;23,1;22,4;18,2;17,8;76;72;76;253;6,3;2,6;
2023/02/17;0700 UTC;;929,1;929,2;928,8;;22,5;17,8;22,5;22,3;18;17,8;76;75;75;251;5;1,6;
2023/02/17;0800 UTC;;929,2;929,5;929;;21,5;18;22,6;21,3;18,1;17,7;81;74;81;150;3,2;1;
2023/02/17;0900 UTC;;929,8;930;929,1;;21,4;17,9;21,7;20,9;18,2;17,8;84;79;81;215;1,6;1,3;
2023/02/17;1000 UTC;;930,8;930,9;929,8;127,3;22,4;18,4;22,4;21;18,5;17,7;82;77;78;198;2,6;,7;
2023/02/17;1100 UTC;;931,7;931,9;930,7;749,4;24,3;18,3;24,6;22;18,9;18,2;82;69;70;211;3,5;,9;
2023/02/17;1200 UTC;;932,1;932,4;931,6;1633,9;25;18,4;25,1;24;19;18,1;72;66;67;194;5,1;1,5;
2023/02/17;1300 UTC;;931,9;932,4;931,9;2231,7;26,7;18,9;26,7;25;19,9;18,3;71;62;62;233;5,3;1,7;
2023/02/17;1400 UTC;;931,9;932;931,6;3633,8;28,6;18,9;29,1;26,3;19,6;17,7;64;53;56;266;4,5;1,6;
2023/02/17;1500 UTC;;931,1;931,8;930,9;3225,6;29,3;18,8;29,3;27,6;19,5;17,7;59;51;53;182;5,2;1,5;
2023/02/17;1600 UTC;;930,2;931,2;930;3633,2;30,1;18,1;30,4;29,1;19;17,4;53;48;49;107;4,5;1,1;
2023/02/17;1700 UTC;;928,9;930,2;928,9;3146,2;30,7;17,7;31,6;29,5;19,7;17,4;53;44;46;232;4,3;1,9;
2023/02/17;1800 UTC;;927,7;928,9;927,5;2364,7;30,8;18;32;30,4;20,3;17,6;53;44;47;117;4,8;1,3;
2023/02/17;1900 UTC;;927;927,7;926,9;2275,7;32,1;17,6;32,5;30,8;18,9;16,9;48;41;42;164;4;1,4;
2023/02/17;2000 UTC;;926,6;927,1;926,5;1355,1;31,6;18;32,2;31;20,2;17,7;52;42;44;80;3,7;1,3;
2023/02/17;2100 UTC;;927,2;927,3;926,5;751,9;30,5;18,6;31,7;30,5;19,9;17,8;52;44;49;156;2,6;1,1;
2023/02/17;2200 UTC;;928,4;928,6;927,1;68,3;28,1;19,1;30,6;28,1;19,2;18,7;58;49;58;251;3;1,2;
2023/02/17;2300 UTC;;929,6;929,7;928,4;;27,1;19,2;28,3;27,1;19,4;18,8;63;58;62;270;3,9;2;
2023/02/18;0000 UTC;;930,1;930,3;929,4;;25,9;19,3;27,1;25,5;19,4;18,6;69;61;67;185;4,9;1,1;
2023/02/18;0100 UTC;;930,8;930,8;929,7;;24,9;20,1;26,5;24,8;20,1;18,8;75;63;75;141;3,9;1,6;
2023/02/18;0200 UTC;;932,9;933,3;930,7;,5;20,4;19,4;25;20,4;20,1;19;94;71;94;56;15,2;6,2;
2023/02/18;0300 UTC;;932,9;933,3;932,8;;20,2;19,8;20,5;20;20,4;19,1;99;94;98;22;10;2,4;
2023/02/18;0400 UTC;;932,5;933;932,4;;20,2;19,4;20,6;20,1;20;19,1;98;94;95;110;3,9;,8;
2023/02/18;0500 UTC;;930,6;932,5;930,6;;20;18,8;20,3;19,9;19,8;18,7;97;93;93;259;4,4;2,3;
2023/02/18;0600 UTC;;930,6;930,6;930,2;;19,6;18,2;20,2;19,6;18,8;18,2;93;91;92;201;4,3;1,9;
2023/02/18;0700 UTC;;931,3;931,8;930,5;;19,9;18,4;20;19,5;18,7;18,2;94;91;91;57;6,4;3,3;
2023/02/18;0800 UTC;;932;932,5;931,3;;19,9;18,7;19,9;19,7;18,7;18,4;93;91;93;66;5,6;1,6;
2023/02/18;0900 UTC;;932,4;932,8;931,7;;20,3;19;20,3;19,9;19;18,8;93;92;92;72;5,3;2,6;
2023/02/18;1000 UTC;;933,3;933,3;932,3;21,9;20,7;19,5;20,7;20,3;19,5;19;94;93;93;62;5,7;3,6;
2023/02/18;1100 UTC;;934;934,4;933,1;131,7;20,9;19;21;20,7;19,6;19;93;89;89;49;7,3;4,4;
2023/02/18;1200 UTC;;934,6;934,6;934;258,1;20,6;19,2;20,9;20,5;19,2;18,9;92;89;92;24;8;4,2;
2023/02/18;1300 UTC;;935;935,1;934,4;443,4;20,7;19,2;20,8;20,4;19,2;19,1;92;90;91;14;7,6;3,8;
2023/02/18;1400 UTC;;933,9;934,9;933,8;1223,4;22,2;19;22,3;20,7;19,6;18,7;91;82;82;340;5,9;2,5;
2023/02/18;1500 UTC;;933,9;934,2;933,6;2037,2;24,2;18,2;24,2;22,2;19,3;18,1;82;69;69;352;4;1,3;
2023/02/18;1600 UTC;;932,9;933,9;932,8;2274,8;25,7;18,7;25,9;24,2;20;17,8;73;63;65;112;3,9;2,2;
2023/02/18;1700 UTC;;932;933;931,8;3388,3;26,7;18,4;27,1;25,5;20;17,2;69;56;60;44;5,3;2;
2023/02/18;1800 UTC;;931,4;932;930,9;2705,8;27,3;17,9;27,8;26,5;19,7;17,2;65;54;56;80;4,6;2,2;
2023/02/18;1900 UTC;;930,4;931,3;930,3;2390,2;27,6;18,4;28,7;26,9;19,8;16,6;61;50;57;126;4,3;1,9;
2023/02/18;2000 UTC;;930,5;930,5;930,1;875,4;26,3;18,6;27,6;26,3;19,2;17,8;64;55;63;87;4,8;2,5;
2023/02/18;2100 UTC;;930,5;930,7;930,1;671,7;25,6;18,2;26,9;25,5;18,8;17,9;64;60;64;82;5;2,9;
2023/02/18;2200 UTC;;931,1;931,3;930,4;58,6;23,4;19,3;25,6;23,4;19,3;18,3;78;64;78;102;4,4;1,9;
2023/02/18;2300 UTC;;931,6;931,6;931;;23,9;19,1;23,9;23,1;19,5;19,1;80;74;74;160;2,8;,6;
2023/02/19;0000 UTC;;932,3;932,3;931,6;;22,8;19,3;24;21,8;19,5;18,6;84;74;81;230;2,4;1,6;
2023/02/19;0100 UTC;;933,2;933,2;932,3;;23,3;19,2;23,5;22,8;19,3;19;81;77;78;214;2;1;
2023/02/19;0200 UTC;;933,4;933,5;933;;23,2;19,1;23,3;22,5;19,5;19;82;78;78;255;1,8;1;
2023/02/19;0300 UTC;;932,7;933,4;932,7;;22,7;19,4;23,2;22;19,4;18,9;84;78;82;231;1,8;,8;
2023/02/19;0400 UTC;;932,1;932,8;932,1;;22,2;19,4;22,7;22;19,5;19,3;85;82;84;250;1,2;,5;
2023/02/19;0500 UTC;;931,8;932,3;931,8;;21,7;19;22,2;21,4;19,4;19;86;84;85;227;1;,6;
2023/02/19;0600 UTC;;931,6;932;931,6;;21,9;19;22,2;21,7;19,2;18,9;85;82;84;183;2;,8;
2023/02/19;0700 UTC;;931,7;931,8;931,5;;21,7;19,6;21,9;21,3;19,7;18,9;88;84;88;192;2,6;1,5;
2023/02/19;0800 UTC;;931,7;931,8;931,6;;21,2;19,3;21,8;21,2;19,7;19,1;89;86;89;223;3;1,5;
2023/02/19;0900 UTC;;932,2;932,3;931,7;;21,1;19,2;21,2;20,7;19,4;19;91;89;89;207;2,3;1,2;
2023/02/19;1000 UTC;;932,9;932,9;932,1;129,1;21,3;19,4;21,3;20,8;19,4;18,9;89;88;89;193;2,6;1,6;
2023/02/19;1100 UTC;;933,5;933,7;932,8;863,7;23,5;20,3;23,5;21,3;20,5;19,4;89;82;83;131;3,7;2;
2023/02/19;1200 UTC;;934,1;934,2;933,4;1422;24,8;19,9;25;23,4;20,9;19,5;83;73;74;107;6;3,1;
2023/02/19;1300 UTC;;934,4;934,5;934;2264,3;26,5;20,3;26,5;24,5;20,3;19,3;76;66;69;70;8,6;4,6;
2023/02/19;1400 UTC;;934,4;934,8;934,2;2570,4;26,8;19,5;27,4;26,1;20,9;19,2;69;62;64;55;8,7;4,5;
2023/02/19;1500 UTC;;934,2;934,5;934,2;3126,8;28,2;19,2;28,3;26,7;20,6;18,5;67;57;58;70;8,8;4,3;
2023/02/19;1600 UTC;;933,5;934,2;933,5;2937,7;28,2;19,1;29,2;27,6;20,7;18,4;64;55;58;76;8,3;4,7;
2023/02/19;1700 UTC;;932,5;933,6;932,5;3232,3;29;18,8;29,5;28;19,8;17,7;60;51;54;47;8,9;4,8;
2023/02/19;1800 UTC;;931,8;932,5;931,8;3364,9;29,7;18,6;30;29;19,6;17,6;56;49;51;54;7,9;4;
2023/02/19;1900 UTC;;930,7;931,8;930,7;1444,2;28,4;18,3;29,7;28,1;19,1;17,7;56;50;54;77;7,5;3,9;
2023/02/19;2000 UTC;;930,6;930,7;930,4;1084;27,6;18,4;28,6;27,6;19,2;17,8;59;53;57;79;6,8;4,1;
2023/02/19;2100 UTC;;930,2;930,6;930;745,1;27,6;18,7;27,9;27,6;19,4;18,2;61;56;58;80;7,5;3,1;
2023/02/19;2200 UTC;;931,2;931,3;930,2;91,9;24,7;19,9;27,6;24,7;20,1;18,8;75;58;75;114;6,7;2,1;
2023/02/19;2300 UTC;;932,1;932,1;931,2;;24,2;19,1;24,7;24,2;20;19;76;72;73;152;2,7;1,2;
2023/02/20;0000 UTC;;932,7;932,7;932,1;;23;18,5;24,4;22,8;19,1;17,7;76;67;76;155;4,4;1,8;
2023/02/20;0100 UTC;;932,9;932,9;932,7;;22,9;19,2;23,2;22,9;19,2;18,5;80;76;80;216;3,4;,9;
2023/02/20;0200 UTC;;933,4;933,4;932,9;;23,1;19,2;23,3;22,6;19,5;19;81;78;79;207;2,5;1,2;
2023/02/20;0300 UTC;;933;933,4;932,9;;22,6;19;23,1;22,5;19,2;19;81;79;80;248;3;1,7;
2023/02/20;0400 UTC;;932,3;933;932,3;;22,1;18,2;22,7;22;19;18,2;80;78;78;241;3;1,4;
2023/02/20;0500 UTC;;932,2;932,3;932,1;;20,8;17,9;22,2;20,6;18,5;17,4;85;78;84;238;2,3;1,5;
2023/02/20;0600 UTC;;932,2;932,2;932;;21,2;18;21,6;20,8;18,4;17,8;85;81;82;219;2,4;,9;
2023/02/20;0700 UTC;;932,3;932,4;932,2;;20,8;17,5;21,3;20,6;18;17,4;83;81;82;189;1,8;,6;
2023/02/20;0800 UTC;;932,8;932,8;932,3;;20,3;17,1;21;20,3;17,6;17,1;83;80;82;198;1,6;,9;
2023/02/20;0900 UTC;;933,5;933,5;932,8;;20;17,3;20,3;19,9;17,3;17,1;85;82;84;255;2,1;,7;
2023/02/20;1000 UTC;;934,4;934,4;933,5;71;20,2;17,4;20,3;19,9;17,6;17,2;85;84;84;241;2;,6;
2023/02/20;1100 UTC;;935;935;934,4;445,9;21,6;18;21,7;20,2;18,1;17,4;84;78;80;91;1,6;,8;
2023/02/20;1200 UTC;;935,1;935,2;935;850,8;23,8;19,1;23,8;21,6;19,5;18;82;75;75;83;5,8;3,4;
2023/02/20;1300 UTC;;934,9;935,2;934,9;2413,9;25,8;18,8;25,9;22,8;19,9;18,3;78;65;65;67;7,7;4,5;
2023/02/20;1400 UTC;;934,6;934,9;934,5;3299,7;27,1;19,8;27,2;25,5;19,8;18,1;67;59;64;89;9;4,5;
2023/02/20;1500 UTC;;934,2;934,6;934,2;3403,9;27,5;19,2;28,2;26,7;20,2;18,3;66;57;61;86;9,6;4,5;
2023/02/20;1600 UTC;;933,6;934,3;933,6;3463,9;28,8;19;29;27,5;20,2;18;62;55;56;62;8,9;4;
2023/02/20;1700 UTC;;932,3;933,6;932,3;3692,6;29,6;20,4;29,9;27,9;20,4;17,4;61;49;58;85;7,4;3,5;
2023/02/20;1800 UTC;;931,1;932,4;931,1;2404,5;28,4;18,5;30;28,1;20,8;17,6;60;50;55;117;7,3;2,8;
2023/02/20;1900 UTC;;930,9;931,2;930,9;1139,6;29,3;17,4;29,3;28,1;19,3;17,4;57;48;48;88;7,2;3,4;
2023/02/20;2000 UTC;;930,5;931,1;930,5;1518,1;28,2;19,9;30;25,4;20,7;17,2;70;47;61;47;9,8;2,5;
2023/02/20;2100 UTC;;930,9;931;930,4;802,8;27,5;18,7;28,3;27,5;20,1;18,4;62;56;59;131;4,2;,8;
2023/02/20;2200 UTC;;931,6;931,6;930,9;43,6;25,9;19,8;27,5;25,9;19,8;18,1;69;57;69;176;2,9;1,2;
2023/02/20;2300 UTC;;932,9;932,9;931,6;;24,7;19;25,9;24,7;19,5;18,8;71;66;71;201;3,2;1,3;
2023/02/21;0000 UTC;;933,5;933,5;932,9;;23,6;19,1;24,7;23,3;19,5;19;77;70;76;169;4,3;2;
2023/02/21;0100 UTC;;934,2;934,2;933,5;;23,3;18,8;23,6;23,1;19,1;18,7;78;76;76;215;3,4;2;
2023/02/21;0200 UTC;;934,2;934,3;934,2;;22,8;18,2;23,3;22,7;18,7;18,2;77;75;75;217;3,4;1,2;
2023/02/21;0300 UTC;;934,2;934,3;934,2;;22,2;18,3;22,9;21,4;18,6;18,1;83;75;78;219;2,2;,9;
2023/02/21;0400 UTC;;933,6;934,3;933,6;;21,8;17,7;22,3;21,5;18,3;17,7;79;77;77;221;2,7;1;
2023/02/21;0500 UTC;;933,1;933,6;933,1;;21;18,6;22;20;18,6;17,3;88;76;86;337;2,4;1,2;
2023/02/21;0600 UTC;;933,2;933,2;933;;20,9;18,3;21,2;19,9;18,6;17,3;87;83;85;339;2;1,1;
2023/02/21;0700 UTC;;933,4;933,5;933,1;;21,1;18,5;21,4;20,2;18,6;17,7;88;84;85;330;2,8;1,7;
2023/02/21;0800 UTC;;933,5;933,5;933,2;;20,1;17,9;21,2;19,7;18,6;17,5;88;85;87;224;3,2;1,6;
2023/02/21;0900 UTC;;933,9;933,9;933,5;;19,9;17,7;20,1;19,6;17,9;17,3;88;86;87;225;2,3;1,6;
2023/02/21;1000 UTC;;934,3;934,3;933,9;148,5;20,3;18;20,3;19,3;18;17,1;88;86;86;204;2,3;1,1;
2023/02/21;1100 UTC;;935;935;934,3;1011;23,8;19,1;23,8;20,4;19,3;17,8;87;74;75;128;3,4;1,8;
2023/02/21;1200 UTC;;935,5;935,5;935;1970;24,8;18,7;24,9;23,5;19,2;18,1;76;68;69;129;3,6;1,5;
2023/02/21;1300 UTC;;935,5;935,7;935,5;1944,8;25,5;19,1;26,7;24,5;19,7;18;71;62;68;92;4,9;1,4;
2023/02/21;1400 UTC;;935,1;935,6;935,1;2733,8;27,4;18,4;28,1;25,5;20,6;17,8;70;57;58;88;5,3;1,8;
2023/02/21;1500 UTC;;934,7;935,1;934,7;3717;29;19,1;29;26,4;20,3;17,8;68;54;55;131;5,6;2,5;
2023/02/21;1600 UTC;;933,9;934,7;933,9;2967,2;28,3;19,5;29,6;28;20,4;17;61;50;59;138;5,1;1,9;
2023/02/21;1700 UTC;;932,8;933,9;932,8;2588,3;29,4;19,2;30,4;28,3;20,8;17,4;60;47;54;115;7,2;2,4;
2023/02/21;1800 UTC;;932,1;932,8;932,1;2429,4;29,2;18;30,6;28,8;20,2;16,9;58;43;51;102;6;2,9;
2023/02/21;1900 UTC;;931,6;932,1;931,4;1518,3;28,9;18,3;30;28,3;19,6;17,9;57;50;53;88;6,7;3,8;
2023/02/21;2000 UTC;;931,9;932,1;931,6;572;24,6;18,2;29;24,5;19,1;16,9;70;53;67;18;11,8;4,5;
2023/02/21;2100 UTC;;932,7;932,8;931,8;137;22,2;17,9;25,3;22,2;18,9;17,6;76;65;76;252;8,6;4;
2023/02/21;2200 UTC;;933;933;932,6;19;23;17,3;23;21,9;18,2;17,3;79;71;71;271;8;1,7;
2023/02/21;2300 UTC;;933,8;933,8;933;;23;17,3;23,1;22,7;17,4;16,9;71;69;70;267;5,5;2,2;
2023/02/22;0000 UTC;;934,5;934,5;933,8;;23,1;17,1;23,1;22,8;17,4;17,1;71;69;69;258;6,7;2,3;
2023/02/22;0100 UTC;;935,4;935,4;934,5;;22,6;17,3;23,1;22,4;17,3;16,8;72;69;72;260;6,5;2,4;
2023/02/22;0200 UTC;;935,8;935,9;935,4;;22,1;17,1;22,7;22,1;17,4;17,1;73;71;73;231;5;1,3;
2023/02/22;0300 UTC;;935,7;935,8;935,5;;21,8;17;22,1;21,8;17,2;17;75;73;74;236;4,1;2,1;
2023/02/22;0400 UTC;;935,7;935,7;935,6;;22;16,1;22,1;21,8;17;16,1;74;69;69;198;5,5;1,6;
2023/02/22;0500 UTC;;935,4;935,7;935,3;;20,5;16,7;22;20,5;16,7;16,1;79;69;79;177;5,9;1,9;
2023/02/22;0600 UTC;;935;935,4;935;;20,1;16,6;21;20;16,8;16,5;81;76;80;199;5,1;1,4;
2023/02/22;0700 UTC;;934,9;935;934,7;;20;16,3;20,7;19,8;16,8;16,3;82;77;80;205;3,5;1,7;
2023/02/22;0800 UTC;;935,4;935,4;934,9;;19,4;16,5;20,6;19,4;16,7;16,4;84;78;84;117;3;,8;
2023/02/22;0900 UTC;;935,8;935,8;935,4;;20;16,8;20,1;19,4;16,8;16,5;84;81;82;342;2;1,6;
2023/02/22;1000 UTC;;936,3;936,3;935,8;221,5;21,3;17,5;21,3;19,8;17,5;16,6;83;78;79;308;2,1;,5;
2023/02/22;1100 UTC;;937;937;936,3;1092,4;24,7;17,8;24,7;21,4;17,9;16,6;79;64;66;72;2,4;,9;
2023/02/22;1200 UTC;;937,1;937,2;936,9;1945,6;25,1;17,8;25,3;24,2;18,6;17,2;68;63;64;102;3,1;1,4;
2023/02/22;1300 UTC;;937;937,2;937;2696,2;26,7;19,2;27;25,1;19,8;17,7;68;61;64;90;4,5;2,2;
2023/02/22;1400 UTC;;936,8;937,1;936,8;3007,9;28,7;18,9;28,9;26,7;20,7;18,4;66;55;55;86;7,1;3,3;
2023/02/22;1500 UTC;;936,6;936,8;936,5;3351,6;28,4;18,4;29,7;27,8;19,9;17,7;60;51;55;33;7,5;3,5;
2023/02/22;1600 UTC;;936,1;936,7;936,1;3308,9;28,8;18,2;29,8;27,9;19,7;17,5;56;51;53;25;7,3;3,5;
2023/02/22;1700 UTC;;934,9;936,1;934,9;2354,6;28,4;18,9;30,4;28,3;20;17,4;57;49;57;92;6,3;2,6;
2023/02/22;1800 UTC;;933,7;934,9;933,7;905,8;28,8;17,5;29;28,3;19,4;17,5;58;51;51;60;5,9;2,4;
2023/02/22;1900 UTC;;933,2;933,8;933,1;548,1;28,6;17,4;28,9;28,6;18,3;17,3;54;50;51;340;4,9;1,9;
2023/02/22;2000 UTC;;932,7;933,2;932,7;475,2;28,8;17,4;28,8;28,4;18,2;17,2;54;50;50;17;3,3;1,2;
2023/02/22;2100 UTC;;933,4;933,5;932,7;433,7;28,2;19,7;28,8;27,9;20,3;17,8;62;50;60;241;2,6;1,1;
2023/02/22;2200 UTC;;934;934,1;933,4;84,6;25,6;18,6;28,2;25,6;20,7;18,5;70;60;65;272;3,6;1,8;
2023/02/22;2300 UTC;;934,5;934,5;934;;24,6;19,1;25,8;24,4;19,3;18,6;72;65;71;259;3,4;1,8;
2023/02/23;0000 UTC;;935,2;935,2;934,5;;24,6;19,2;25;24,5;19,3;19,2;72;70;72;261;3,3;1,7;
2023/02/23;0100 UTC;;935,8;935,8;935,2;;23,7;19,8;24,8;22,8;19,8;19;81;71;78;218;4,4;1,8;
2023/02/23;0200 UTC;;936,7;936,7;935,8;;23,3;19,3;23,9;23,1;19,7;19,1;79;76;78;240;3,2;2;
2023/02/23;0300 UTC;;936,5;936,7;936,5;;23,5;19,2;23,9;23,1;19,4;19,1;79;75;77;250;2,9;1,8;
2023/02/23;0400 UTC;;936,2;936,5;936,2;;22,6;19,2;23,5;22,4;19,5;19,1;83;77;81;225;5;2;
2023/02/23;0500 UTC;;935,4;936,2;935,4;;22;19,1;23;22;19,2;18,7;84;78;84;233;5;2,6;
2023/02/23;0600 UTC;;934,9;935,4;934,8;;21,8;18,6;22;21,8;19,2;18,6;85;82;82;251;5;2,5;
2023/02/23;0700 UTC;;935,2;935,2;934,9;;21,5;18,6;21,9;21;18,9;18,4;87;81;84;219;4,7;1,2;
2023/02/23;0800 UTC;;935,9;935,9;935,2;;20,9;19;21,6;20,6;19;18,3;89;83;89;154;2,4;1,3;
2023/02/23;0900 UTC;;936,3;936,3;935,9;;20,8;18,7;21,1;20,7;19;18,7;89;87;88;240;4;2,3;
2023/02/23;1000 UTC;;936,7;936,7;936,3;55,5;21,5;18,6;21,6;20,8;18,9;18,5;88;83;83;221;3,8;1,6;
2023/02/23;1100 UTC;;937;937;936,7;575,6;22,8;18,8;22,8;21,4;19;18,5;84;78;78;209;5,1;1,9;
2023/02/23;1200 UTC;;937,3;937,3;937;1113,5;24,5;19,7;24,5;22,8;19,7;18,6;78;74;75;164;3,1;,7;
2023/02/23;1300 UTC;;937,4;937,4;937,3;2589,2;27,6;20,5;27,6;24,2;21,3;18,7;75;63;65;104;5,5;2,5;
2023/02/23;1400 UTC;;936,9;937,4;936,9;2610,7;27,9;18,5;28;26,7;20,3;18,2;66;56;56;57;8,1;4,4;
2023/02/23;1500 UTC;;936,4;936,9;936,4;2704,7;28;18,7;29;26,9;19,8;17,8;62;54;57;49;8,1;3,2;
2023/02/23;1600 UTC;;935,5;936,4;935,5;3217,8;29,1;18,2;29,6;27,9;20,5;18;60;52;52;71;7;2,2;
2023/02/23;1700 UTC;;934;935,5;934;2690,8;29,8;18,9;30,3;28,8;20,5;18;58;48;52;88;6,8;3,2;
2023/02/23;1800 UTC;;933,4;934;933,4;1349;29;19,5;29,9;28,8;20,6;18,1;58;50;57;106;6;1,7;
2023/02/23;1900 UTC;;933;933,5;932,8;462,8;27,7;19,4;29;27,7;20,1;19;63;56;61;175;3,7;1,5;
2023/02/23;2000 UTC;;933,1;933,2;932,9;122;24,1;18,6;27,7;23,6;20,4;18;71;61;71;261;8,3;2,4;
2023/02/23;2100 UTC;;933,9;933,9;933;58,1;23,9;18,5;24,6;23,9;18,8;18,4;72;69;72;248;5,8;2,7;
2023/02/23;2200 UTC;;934,3;934,4;933,9;13;23;17,8;23,9;22,9;18,8;17,8;77;72;73;260;5,2;2,4;
2023/02/23;2300 UTC;;935,8;935,8;934,3;;23,1;18,6;23,7;22,9;18,7;17,6;76;70;76;240;8,3;1,9;
2023/02/24;0000 UTC;;936,6;937,1;935,8;;19,7;18,5;23,2;19,6;19,3;18,3;93;76;93;194;10,7;3,1;
2023/02/24;0100 UTC;;936,3;936,6;936,3;;20,5;18,6;20,6;19,7;19,2;18,5;93;89;89;233;6,5;3;
2023/02/24;0200 UTC;;936,1;936,3;936;;20,7;18,2;20,8;20,4;18,8;18,2;90;85;86;246;5,5;2,8;
2023/02/24;0300 UTC;;935,4;936,1;935,4;1,4;20,8;18;21;20,7;18,3;18;86;84;84;210;5,7;1,7;
2023/02/24;0400 UTC;;934,7;935,4;934,7;;20,1;18,2;21;20,1;18,7;17,9;90;83;89;225;3,8;1,9;
2023/02/24;0500 UTC;;934,2;934,8;934,2;;20,4;17,3;20,6;19,8;18,4;17,3;90;82;82;256;3,3;1,7;
2023/02/24;0600 UTC;;934,4;934,4;934,2;;19;17,3;20,4;19;17,5;17;90;82;90;110;2,9;1,4;
2023/02/24;0700 UTC;;934,1;934,4;934,1;;19,5;17,8;20,2;19;18,3;17,4;91;87;90;131;2,4;,7;
2023/02/24;0800 UTC;;934,4;934,4;934,1;;19,1;17,7;19,7;19;18;17,5;91;89;91;167;1,2;,5;
2023/02/24;0900 UTC;;935,2;935,2;934,4;;19,5;18,2;19,5;18,7;18,2;17,3;93;91;92;283;2;1,1;
2023/02/24;1000 UTC;;935,5;935,5;935,2;110,6;20,3;18,5;20,3;18,9;18,6;17,5;92;89;89;342;2,3;1,1;
2023/02/24;1100 UTC;;935,9;936;935,5;513,2;21,9;18,7;21,9;20,3;18,9;18,4;89;81;82;15;2;1,1;
2023/02/24;1200 UTC;;936;936,1;935,9;1367;23,5;18,8;24;21,9;19,5;18,4;82;73;75;151;2,1;,7;
2023/02/24;1300 UTC;;935,8;936,1;935,8;1770,7;25,5;19,1;26,2;23,4;21,3;18,7;77;68;68;123;2,7;1,4;
2023/02/24;1400 UTC;;935,2;935,8;935,2;2908,5;27,1;20,4;27,2;25,1;20,7;18,9;73;65;67;112;4,1;1,8;
2023/02/24;1500 UTC;;934,4;935,2;934,4;3678,6;28,7;19,3;28,9;27,1;21,4;19;70;56;57;40;6;3,3;
2023/02/24;1600 UTC;;933,6;934,4;933,6;3173,5;29,1;18,8;29,7;27,9;21,4;18;65;52;54;30;6,4;3,7;
2023/02/24;1700 UTC;;932,5;933,6;932,5;2404,8;29,2;19,9;30,1;28,8;20,7;17,7;59;50;57;111;6,4;2,8;
2023/02/24;1800 UTC;;932;932,5;931,9;456,6;24,9;20,4;29,3;24,9;21;19;77;55;76;216;5,9;2,1;
2023/02/24;1900 UTC;;930,8;932;930,8;1459,7;28,6;21,8;28,6;23,1;22;19,2;83;65;67;158;6,8;1,3;
2023/02/24;2000 UTC;;930,9;930,9;930,6;955;27,7;20,8;28,7;27,7;21,9;19,6;70;58;66;216;2,6;1,1;
2023/02/24;2100 UTC;;931,1;931,1;930,7;137,3;26,1;20,6;27,7;25,9;21;20,2;73;65;72;247;3,2;1,6;
2023/02/24;2200 UTC;;931,2;931,2;931,1;55,9;25,2;21;26,4;25,1;21;20,3;78;69;78;237;3;1,8;
2023/02/24;2300 UTC;;931,9;932;931,2;;24,2;19,7;25,3;24,2;21;19,6;78;72;76;235;3,1;1,3;
2023/02/25;0000 UTC;;932,4;932,4;931,6;;24,1;19,6;24,4;23,8;20;19,5;78;76;76;246;3;,7;
2023/02/25;0100 UTC;;933,2;933,2;932,4;;23,9;19,2;24,1;22,5;20,1;19,2;84;75;75;224;3,3;2,1;
2023/02/25;0200 UTC;;933,4;933,6;933,2;;23,4;18,8;23,9;23,2;19,3;18,7;78;75;76;243;3;,8;
2023/02/25;0300 UTC;;933,1;933,4;933;;22,6;19;23,3;22,3;19,6;18,7;81;76;80;228;2,5;1,5;
2023/02/25;0400 UTC;;932,9;933,2;932,9;;23;18,5;23,5;21,6;19,1;18,5;84;74;76;219;3;,8;
2023/02/25;0500 UTC;;932,4;932,9;932,4;;22,4;19;23;20,9;19,3;18,4;88;76;81;239;2,6;2;
2023/02/25;0600 UTC;;932,1;932,4;932,1;;21,6;19,2;22,5;21,6;19,4;18,9;86;80;86;273;2,6;,4;
2023/02/25;0700 UTC;;932,4;932,4;932,1;;21,3;19,1;21,8;21,1;19,3;18,8;88;86;87;25;1,5;,5;
2023/02/25;0800 UTC;;933;933;932,4;;21,3;19;22,2;21;19,4;18,8;88;84;87;97;1,6;,6;
2023/02/25;0900 UTC;;933,2;933,2;933;;21,3;19,2;21,5;21;19,3;19;88;87;88;360;1,6;1,1;
2023/02/25;1000 UTC;;933,6;933,6;933,1;100,4;21,8;19,4;21,8;21,1;19,4;18,7;88;85;86;31;2,6;,9;
2023/02/25;1100 UTC;;934,7;934,7;933,5;861,7;24,2;19,4;24,5;21,8;20,4;19,2;86;74;75;46;2,7;1,8;
2023/02/25;1200 UTC;;934,9;934,9;934,7;1799,5;26,3;19,7;26,3;24,2;20,9;19,5;78;67;67;81;6,2;3,2;
2023/02/25;1300 UTC;;934,8;935,1;934,6;2555,7;27,2;18,3;27,4;25,8;19,7;17,3;68;55;58;42;8,9;5,4;
2023/02/25;1400 UTC;;934,9;935;934,7;3113,8;27,7;18,4;28,3;27,1;19,7;17,4;63;55;57;44;8,9;4,3;
2023/02/25;1500 UTC;;934;934,9;934;3391,2;29,5;19,2;29,5;27,7;20,3;18,1;60;52;54;26;7,5;3,5;
2023/02/25;1600 UTC;;933,3;934,2;933,3;3385,7;29,7;18,8;30,5;29,1;20,6;17,9;58;50;52;47;7,1;2,3;
2023/02/25;1700 UTC;;932,3;933,5;932,2;2628,7;30,3;18,9;30,8;28,9;20,4;17,6;56;47;51;74;5,9;3,2;
2023/02/25;1800 UTC;;931,3;932,4;931,3;2350,3;29,7;18,8;31,3;28,9;20,4;17,7;56;45;52;102;7,3;2,3;
2023/02/25;1900 UTC;;930,8;931,4;930,8;1594,1;30,5;18,1;31,2;29,3;19,4;17,7;53;45;48;94;6,9;2,2;
2023/02/25;2000 UTC;;930,3;931;930,2;1310,7;30,9;17,6;31,1;29,4;18,9;17,5;51;45;45;68;5,4;2,9;
2023/02/25;2100 UTC;;931;931;930,3;581,4;28,6;19,1;30,9;28,6;19,1;16,9;57;44;56;112;5,1;1,9;
2023/02/25;2200 UTC;;931,6;931,6;931;31,7;27,7;18,6;28,6;27,7;18,9;18,6;58;56;58;130;2,8;1,1;
2023/02/25;2300 UTC;;932,3;932,3;931,6;;27;18,7;27,7;26,9;19,3;18,6;63;58;61;156;2,1;,9;
2023/02/26;0000 UTC;;933,2;933,2;932,3;;25,8;18,6;27;25,8;18,9;18,6;65;60;65;235;1,9;,7;
2023/02/26;0100 UTC;;933,6;933,7;933,1;;25,1;19,2;26,1;25;19,2;18,4;70;63;70;320;1,8;,7;
2023/02/26;0200 UTC;;934,1;934,1;933,7;;24,2;19,5;25,4;24,1;20;19,1;75;68;75;5;1,5;,6;
2023/02/26;0300 UTC;;934,1;934,2;934;;24,4;19;24,8;23,4;19,7;19;77;72;72;257;2,5;1,6;
2023/02/26;0400 UTC;;933,5;934,1;933,5;;23,4;18,7;24,7;23,4;19;18,5;75;69;75;217;2,5;1,7;
2023/02/26;0500 UTC;;933,2;933,5;933,2;;23,1;19;23,7;23;19,1;18,6;78;74;78;197;2,7;,6;
2023/02/26;0600 UTC;;933,1;933,2;933,1;;22,6;19,2;23,1;22,2;19,3;18,7;83;78;82;19;1,2;,8;
2023/02/26;0700 UTC;;933,2;933,2;933;;21,9;18,9;22,6;21,1;19,2;18,6;86;81;83;221;3,2;2,1;
2023/02/26;0800 UTC;;933,5;933,5;933,2;;22;18,9;22,2;21,7;19;18,7;83;82;83;267;3,2;,5;
2023/02/26;0900 UTC;;933,8;933,9;933,5;;21;18,6;21,9;20,2;18,8;17,5;86;82;86;43;2,8;,7;
2023/02/26;1000 UTC;;934,6;934,6;933,8;189,7;22,9;19,4;22,9;20,5;19,5;18,2;88;81;81;347;1,5;,7;
2023/02/26;1100 UTC;;935,7;935,7;934,6;942;25,4;19,4;25,5;22,9;20,1;18,5;81;68;69;128;2,2;1;
2023/02/26;1200 UTC;;936,3;936,3;935,7;1571,3;26,3;17,7;26,7;25,4;19,7;17,3;69;57;59;39;4,8;2,9;
2023/02/26;1300 UTC;;936;936,3;936;2721,3;27,8;18;28,2;26,3;18,9;17,2;60;55;55;34;7,1;4,2;
2023/02/26;1400 UTC;;936;936,2;936;3316,7;29,3;20,5;29,3;27,7;20,5;18;60;52;59;45;7,8;3,8;
2023/02/26;1500 UTC;;935,6;936;935,6;3583,2;29,8;19,9;30,1;28,8;20,5;18,5;60;51;56;45;7,3;3,7;
2023/02/26;1600 UTC;;935;935,6;934,9;3715;30,4;18,1;31;29,7;20,6;17,7;57;46;48;58;6,7;3,5;
2023/02/26;1700 UTC;;934,6;935,3;934,4;3111,2;31,1;17,5;31,5;30,2;20,7;16,4;54;43;44;68;6,3;2,4;
2023/02/26;1800 UTC;;933,9;934,6;933,9;3181,2;32,1;16,8;32,2;31;19,6;16,6;50;39;40;117;5,5;1,7;
2023/02/26;1900 UTC;;933,2;934;933,1;2512,5;31,9;17,8;32,2;31,3;19,1;16,5;48;39;43;115;4,9;1,7;
2023/02/26;2000 UTC;;932,7;933,3;932,6;1733,3;31,1;17,3;32,1;31,1;19,5;16,9;48;41;44;113;6,8;3;
2023/02/26;2100 UTC;;932,7;932,9;932,5;678,2;29,3;17,9;31,2;29,3;18,5;16,6;50;43;50;115;4,8;1,8;
2023/02/26;2200 UTC;;932,7;932,7;932,4;39,4;28,5;17,5;29,3;28;17,9;17,3;54;49;52;144;2,9;1;
2023/02/26;2300 UTC;;933,4;933,4;932,7;;27,3;17,5;28,6;26,9;18,2;17,2;58;50;55;198;2,1;1,1;
2023/02/27;0000 UTC;;934,4;934,4;933,4;;26,5;18;27,3;26,4;18,1;17,3;60;55;59;233;2,4;,8;
2023/02/27;0100 UTC;;934,7;934,8;934,4;;26,1;18,9;26,9;25,5;18,9;17,4;64;57;64;357;2,8;,5;
2023/02/27;0200 UTC;;935,1;935,1;934,7;;25,1;19;26,1;25,1;19,2;18,8;69;64;69;171;1,1;,2;
2023/02/27;0300 UTC;;934,5;935;934,4;;24,2;18,1;25,2;23,3;19,5;18,1;74;69;69;217;2,6;1,5;
2023/02/27;0400 UTC;;934,2;934,6;934,1;;24,1;18,8;24,9;23,8;18,8;17,9;73;67;72;339;3,2;1,5;
2023/02/27;0500 UTC;;933,7;934,2;933,7;;24,2;18,4;24,7;23,5;19;18,3;75;69;70;224;2,3;1,2;
2023/02/27;0600 UTC;;933,6;933,8;933,6;;23,9;18;24,4;23,6;18,4;18;72;69;70;216;2,9;1,4;
2023/02/27;0700 UTC;;933,7;933,7;933,5;;23;18,6;24,5;22,9;18,6;17,9;76;67;76;353;2,1;,4;
2023/02/27;0800 UTC;;934,1;934,1;933,6;;22,4;18,3;23,2;22;18,7;18,2;80;75;78;8;1,8;,6;
2023/02/27;0900 UTC;;934,9;934,9;934;;22,1;17,8;22,8;21,8;18,4;17,6;78;76;77;176;1,9;,3;
2023/02/27;1000 UTC;;935,8;935,8;934,6;108,6;23,5;17,4;23,5;21,8;18;17,2;78;68;69;27;3,9;1,5;
2023/02/27;1100 UTC;;936,3;936,5;935,5;711,4;24,9;17,4;25;23,4;17,6;16,8;70;61;63;72;5,5;2,8;
2023/02/27;1200 UTC;;936,7;937,1;936,2;1576,9;26,5;18,3;26,5;24,9;18,6;17,3;64;59;61;69;5,8;3,2;
2023/02/27;1300 UTC;;936,9;937,2;936,7;2082;27,7;18,4;27,7;26,2;18,8;17,1;62;56;57;56;6,5;3,1;
2023/02/27;1400 UTC;;936,8;937,1;936,7;3218,6;28,6;18,3;29,2;27,5;19,8;17,5;60;51;54;73;7;3,7;
2023/02/27;1500 UTC;;936,3;937;936,3;3392,3;30;18,9;30,4;28,6;20,4;17,3;57;47;52;120;7;1,9;
2023/02/27;1600 UTC;;935,9;936,4;935,7;3472,5;30,7;19,3;31;29,4;20,3;16,9;55;45;51;83;6,6;2,8;
2023/02/27;1700 UTC;;935,2;935,9;935;3028,3;31,3;17,1;31,8;30,1;19,8;16,9;53;43;43;124;6,4;2;
2023/02/27;1800 UTC;;934,6;935,2;934,6;2914,8;31,1;17,9;32,3;30,4;20;16,7;52;42;45;125;6,5;2,4;
2023/02/27;1900 UTC;;934,4;934,9;934,3;2281,5;31,3;17,9;31,9;30,6;19,9;16,7;52;41;45;128;6,2;2,9;
2023/02/27;2000 UTC;;933,8;934,3;933,8;1539,4;30,5;18,3;32;30,5;19,2;17,4;49;43;48;113;6,8;3,5;
2023/02/27;2100 UTC;;933,7;933,9;933,5;584,2;28,6;18,7;30,7;28,6;18,7;17,2;55;45;55;126;6,8;1,8;
2023/02/27;2200 UTC;;933,8;933,9;933,5;43,6;28,1;18,8;28,6;28;19;18,5;58;54;57;140;3,2;1;
2023/02/27;2300 UTC;;934,6;934,7;933,8;;26,7;18,7;28,1;26,7;19,4;18,6;62;57;62;143;4,8;2,2;
2023/02/28;0000 UTC;;935,8;935,8;934,7;;26,2;17,9;27,2;26,2;18,8;17,8;63;58;60;153;4,8;1,8;
2023/02/28;0100 UTC;;936,4;936,6;935,8;;25,8;17,1;26,3;25,7;17,9;17,1;60;58;59;60;2,9;1,1;
2023/02/28;0200 UTC;;936,3;936,4;936,2;;25,4;17,1;25,8;24,7;17,5;17,1;63;59;60;205;2,8;1,1;
2023/02/28;0300 UTC;;936;936,3;935,9;;24,3;16,8;25,7;24,3;17,2;16,7;63;58;63;74;3,9;1,6;
2023/02/28;0400 UTC;;935,6;936,2;935,6;;24,6;16,3;24,9;24,3;16,9;16,2;63;59;60;160;3,9;1,4;
2023/02/28;0500 UTC;;935;935,6;934,9;;23,5;16;24,6;23,3;16,4;15,9;65;60;63;153;4;1,4;
2023/02/28;0600 UTC;;934,7;935;934,6;;24,1;15,8;24,4;23,3;16,2;15,7;64;59;60;157;4,4;1,8;
2023/02/28;0700 UTC;;934,8;934,9;934,7;;22,8;16,1;24,3;22;16,2;15,5;69;60;66;250;4,4;1,3;
2023/02/28;0800 UTC;;935,1;935,1;934,7;;21,6;15,9;23,1;21,3;16,3;15,5;72;64;70;236;2,8;1,9;
2023/02/28;0900 UTC;;935,4;935,4;935,1;;20,8;16,1;22;20,8;16,2;15,9;74;69;74;241;2,4;,6;
2023/02/28;1000 UTC;;936,1;936,1;935,4;154,5;22,2;17,7;22,2;20,6;17,7;16;76;73;76;43;1,1;,6;
2023/02/28;1100 UTC;;936,8;936,8;936,1;950,6;25,3;17,4;25,3;22,2;18,2;16,8;77;60;62;72;5,3;3,3;
2023/02/28;1200 UTC;;937,4;937,5;936,6;1754,3;26,5;17,5;26,5;24,9;17,6;16,8;62;57;58;68;9,6;5,9;
2023/02/28;1300 UTC;;937,3;937,4;937,1;2587,3;27,7;18,3;27,9;25,9;18,6;17,1;60;55;57;74;10;6,1;
2023/02/28;1400 UTC;;936,7;937,4;936,5;3262,8;28,8;18,6;28,9;27,3;19,6;17,7;59;53;54;48;9,4;5,3;
2023/02/28;1500 UTC;;936,7;936,9;936,5;3601,7;29,4;18,8;30;28,4;20,2;17,8;57;50;53;45;8,5;4,2;
2023/02/28;1600 UTC;;935,6;936,7;935,5;2957,2;29,1;17,7;30,7;29;20,4;17,6;59;47;50;90;7,3;3,1;
2023/02/28;1700 UTC;;935,1;935,7;934,8;2943,3;31,5;16,9;31,7;29,1;19,2;15,9;53;41;42;40;6,4;2,8;
2023/02/28;1800 UTC;;934,4;935,1;934,3;2129,4;31,3;18,4;32,2;29,1;19,5;16,4;54;41;46;134;5,6;1,8;
2023/02/28;1900 UTC;;933,7;934,5;933,7;1706,8;31,1;17,7;31,8;29,1;19,4;17,1;54;43;45;108;5,6;2;
2023/02/28;2000 UTC;;933,2;933,8;933,2;1216,4;30,8;17,4;32,2;28,8;19,4;16,7;53;42;45;109;5,9;1,9;
2023/02/28;2100 UTC;;932,9;933,2;932,9;669,2;29,5;17,5;30,9;29,5;18,6;16,2;49;42;48;79;5,2;2,1;
2023/02/28;2200 UTC;;932,9;932,9;932,8;35,1;28;18,1;29,4;27,4;18,2;17,6;57;49;55;136;3,5;,8;
2023/02/28;2300 UTC;;933,6;933,6;932,9;;27;17,5;28,1;26,9;18,2;17,4;58;54;56;181;1,7;,6;
2023/03/01;0000 UTC;;934,3;934,3;933,6;;25,9;17,2;27,1;25,4;18,1;16,8;62;56;59;55;1,5;,8;
2023/03/01;0100 UTC;;935,1;935,1;934,3;;25,1;17,9;25,9;24,8;18,2;17,3;66;59;65;330;1,3;,4;
2023/03/01;0200 UTC;;935,1;935,2;935,1;;24,1;18;25,1;24,1;18,3;17,7;69;65;69;316;1,4;,5;
2023/03/01;0300 UTC;;935;935,3;935;;23,6;17,5;24,2;22,2;18;16,3;72;67;69;233;5,7;1,5;
2023/03/01;0400 UTC;;934,8;935,1;934,8;;23,7;17,4;23,9;23,3;17,6;17,3;70;68;68;241;2,7;2,2;
2023/03/01;0500 UTC;;934,3;934,9;934,3;;23,3;17,3;23,8;23,3;17,6;17,3;69;68;69;235;2,9;2,5;
2023/03/01;0600 UTC;;933,9;934,3;933,9;;23,1;17;24,1;23,1;17,5;16,9;70;65;69;207;2,8;1,2;
2023/03/01;0700 UTC;;934;934,1;933,9;;23,2;17,2;23,4;22,8;17,4;17;71;68;69;182;2,8;,9;
2023/03/01;0800 UTC;;934,8;934,8;934;;22,4;16,9;23,2;22,4;17,3;16,9;71;69;71;216;2,4;1,3;
2023/03/01;0900 UTC;;935,5;935,5;934,8;;21,4;17,3;23,2;21,4;17,3;17;78;68;78;94;2,5;1,4;
2023/03/01;1000 UTC;;936;936;935,5;103,4;22,5;17,8;22,7;21,4;17,9;17,2;78;72;75;49;2,5;1,2;
2023/03/01;1100 UTC;;936,5;936,5;936;782,8;25;18,3;25;22,5;18,5;17,8;75;66;66;61;5,7;3,7;
2023/03/01;1200 UTC;;936,7;936,7;936,5;1893,9;26,7;18,3;26,9;25;18,8;17,9;67;59;60;52;9,6;5,4;
2023/03/01;1300 UTC;;936,8;937;936,7;2723,1;27,6;18,9;28;26,2;19;17,7;61;56;59;59;10,2;5,7;
2023/03/01;1400 UTC;;936,5;936,9;936,5;3325,8;28,8;18,4;29,2;27,2;19,3;17,9;60;53;53;20;9,4;5,4;
2023/03/01;1500 UTC;;935,6;936,5;935,6;3745,3;29,7;20;30;28,3;20;18,2;57;51;56;50;9,4;4;
2023/03/01;1600 UTC;;934,4;935,6;934,4;2908,5;29,3;19,1;30,8;28,8;20,5;17,8;57;48;54;71;8,2;3,3;
2023/03/01;1700 UTC;;932,9;934,7;932,9;2255,7;31,5;19,4;31,5;29;19,8;17,7;56;45;49;79;7,2;2,3;
2023/03/01;1800 UTC;;931,9;932,9;931,9;2399,4;31,5;18,8;32,3;30,2;20,1;17,2;53;42;47;82;8,1;3,6;
2023/03/01;1900 UTC;;931,7;931,9;931,6;2212,2;30,3;17,6;32,2;30,3;19,5;17;50;42;47;64;8,9;5,5;
2023/03/01;2000 UTC;;931,3;931,8;931,3;1521,5;30,4;16,3;31;30;19,8;16,2;52;42;43;68;8,9;3,1;
2023/03/01;2100 UTC;;932,2;932,2;931,3;341,9;29,3;18;30,4;29,1;18,6;16,4;53;43;51;53;5,6;2,5;
2023/03/01;2200 UTC;;933,7;933,7;932,2;29,3;22,9;17;29,3;22,7;18,3;16,4;70;51;70;279;18,1;6;
2023/03/01;2300 UTC;;933,7;934,6;933,5;,5;20,5;18,1;23,6;19,5;19;16,9;91;67;86;300;18,4;9,3;
2023/03/02;0000 UTC;;935,3;935,3;933,7;1,2;20,1;17,7;20,6;20;18,1;17,7;88;85;86;245;16,2;5,1;
2023/03/02;0100 UTC;;937,8;938;935,3;;19,7;18,1;20,3;19,6;18,5;17,7;91;86;91;189;9,6;2,2;
2023/03/02;0200 UTC;;936,7;937,8;936,7;;19,4;17,9;19,9;19,4;18,3;17,9;91;90;91;233;7,4;3,5;
2023/03/02;0300 UTC;;935,6;936,7;935,6;;19,3;17,2;19,7;19,2;17,9;17,1;91;86;88;220;8,4;3,7;
2023/03/02;0400 UTC;;934,6;935,6;934,6;;19,3;17,8;19,4;19;17,8;17,1;91;88;91;190;7;1,2;
2023/03/02;0500 UTC;;934,1;934,6;933,9;;19,1;17,7;19,6;19,1;18,1;17,7;92;90;92;90;3,3;1,9;
2023/03/02;0600 UTC;;933,8;934,2;933,8;;19,4;17,8;19,4;18,9;17,9;17,6;92;90;91;10;3,3;2,1;
2023/03/02;0700 UTC;;933,6;933,9;933,6;;19;17,7;19,4;19;17,9;17,7;92;90;92;108;3;,9;
2023/03/02;0800 UTC;;933,6;933,7;933,5;;19;17,8;19,2;18,9;18;17,6;93;92;92;235;2;,9;
2023/03/02;0900 UTC;;933,9;934,1;933,6;;19,1;17,6;19,1;18,9;17,8;17,5;93;91;91;354;1,7;,5;
2023/03/02;1000 UTC;;934,7;934,7;933,9;134,9;20;18;20,1;19,1;18,2;17,6;91;88;88;210;2,4;,6;
2023/03/02;1100 UTC;;935,6;935,6;934,7;578,3;21,2;18,3;21,3;20;18,7;17,9;89;82;83;85;1,9;,6;
2023/03/02;1200 UTC;;936;936;935,5;1111,3;23,2;19;23,2;21,2;19,1;17,9;85;75;77;146;2,4;,9;
2023/03/02;1300 UTC;;935,8;936;935,8;2535;25,7;19,4;25,7;23,1;20,3;18,4;78;68;68;86;4,4;1,8;
2023/03/02;1400 UTC;;935,5;935,9;935,5;3064,2;27;19,6;27,2;25,1;20,8;18,9;73;62;64;72;7,1;3,9;
2023/03/02;1500 UTC;;934,8;935,5;934,8;3044,1;28,6;20,8;28,6;26,9;21,5;19,2;68;60;63;85;7,1;3;
2023/03/02;1600 UTC;;933,7;934,8;933,7;3445,1;29,4;21;29,5;27,7;21,5;19,1;64;57;61;89;7,8;4,1;
2023/03/02;1700 UTC;;932,3;933,7;932,3;3004,1;29,4;19,7;29,9;28,4;21,3;19,1;62;56;56;89;7;3,3;
2023/03/02;1800 UTC;;931,2;932,3;931,2;2870,5;30,1;19,8;30,5;28,6;20,9;18,6;60;51;54;50;6;2,4;
2023/03/02;1900 UTC;;930,9;931,2;930,9;2316,9;30,3;19,1;30,6;29,7;20,4;17,4;56;46;51;38;5,6;2,1;
2023/03/02;2000 UTC;;932;932;930,7;1318;24,2;18;31,1;24,2;19,5;17,2;68;47;68;34;15;6,7;
2023/03/02;2100 UTC;;931,9;932,1;931,3;245,5;23,6;18,7;24,4;22,6;19,5;17,8;81;68;74;266;10,9;,7;
2023/03/02;2200 UTC;;932,7;932,7;931,9;4,3;22,4;19,8;23,6;22;20;19,3;87;74;85;252;4,9;2,6;
2023/03/02;2300 UTC;;933;933;932,6;;21,9;18,9;22,6;21,9;19,9;18,9;87;83;83;269;8;3,5;
2023/03/03;0000 UTC;;934,3;934,8;933;;20,9;18,4;22,2;20,9;19,3;17,9;87;79;86;50;8,4;3,4;
2023/03/03;0100 UTC;;933,9;934,3;933,7;;20,3;18,4;20,8;20,2;18,7;18,3;90;86;89;211;6,2;1,1;
2023/03/03;0200 UTC;;934;934,1;933,9;;21,1;18,7;21,2;20,3;19,3;18,5;90;87;87;253;3;1,4;
2023/03/03;0300 UTC;;933,7;934;933,5;;20;18,4;21,1;19,9;19;18,2;91;86;91;141;4,5;1,7;
2023/03/03;0400 UTC;;933,3;933,7;933,3;;20,3;18,8;20,6;20;19,2;18,5;92;91;91;212;3;1,1;
2023/03/03;0500 UTC;;932,8;933,3;932,8;;20,1;18,7;20,3;20,1;18,7;18,5;92;89;92;62;1,7;,7;
2023/03/03;0600 UTC;;932,2;932,8;932,2;;20,2;18,9;20,6;20;19,2;18,6;93;91;93;259;1,3;,5;
2023/03/03;0700 UTC;;932,4;932,4;932,1;;19,7;18,6;20,3;19,6;19,1;18,4;94;92;94;211;1,4;,2;
2023/03/03;0800 UTC;;932,9;932,9;932,4;;19,9;19,1;20;19,6;19,2;18,6;95;94;95;73;1,9;,5;
2023/03/03;0900 UTC;;933,2;933,3;932,9;;19,9;18,5;20,4;19,9;19,4;18,5;95;92;92;228;2,5;,9;
2023/03/03;1000 UTC;;933,4;933,5;933,2;193,6;21,3;19,3;21,3;19,9;19,4;18,5;93;89;89;307;2,2;1;
2023/03/03;1100 UTC;;934,6;934,6;933,4;938,3;23,5;20;23,5;21,3;20,5;18,9;89;80;81;145;2;,9;
2023/03/03;1200 UTC;;935,1;935,1;934,6;1610,5;25,3;19,6;25,3;23,4;19,8;18,3;81;67;71;145;2,8;1,1;
2023/03/03;1300 UTC;;934,9;935,3;934,9;2683,4;27,6;19,9;27,6;25,3;20,3;18,5;71;61;63;91;4,9;1,9;
2023/03/03;1400 UTC;;934,9;935,3;934,8;3156,3;28,1;19,5;28,4;26,8;21,2;18,7;66;58;60;51;7,2;3,7;
2023/03/03;1500 UTC;;934,6;934,9;934,4;3550,2;28,7;20,5;29;27,7;20,6;18,6;63;56;61;30;7,4;4,1;
2023/03/03;1600 UTC;;933,3;934,7;933,2;4003;30,1;20,1;30,1;28,3;20,9;18,6;61;52;55;64;7,6;3,4;
2023/03/03;1700 UTC;;932;933,5;932;3360,2;30,3;19,4;30,6;29,3;21;18,5;59;49;52;48;7,3;3,1;
2023/03/03;1800 UTC;;931,1;932;931,1;2973,8;30,7;18,3;31,2;29,8;20,3;17,6;55;46;48;41;6,9;3,7;
2023/03/03;1900 UTC;;930,8;931,1;930,8;2414,1;31,1;18,8;31,3;30,2;21;17,7;56;45;48;86;7,3;2,9;
2023/03/03;2000 UTC;;930,3;930,9;930,2;1561,4;30,4;18,7;31,1;30,2;19,4;17,8;52;46;50;74;6,5;3,7;
2023/03/03;2100 UTC;;930,6;930,6;930,3;554,1;29,1;18,3;30,6;29;18,9;17,6;53;47;52;72;7,5;2,6;
2023/03/03;2200 UTC;;931,7;931,7;930,5;18;28;18,9;29,1;28;18,9;18;58;52;58;167;4,6;,5;
2023/03/03;2300 UTC;;932,4;932,4;931,7;;25,3;19,9;27,9;24,7;20,2;18,9;76;58;72;210;2,1;1;
2023/03/04;0000 UTC;;933,2;933,2;932,4;;24,8;19,1;25,7;24,6;20;19,1;74;68;71;243;4,5;3,1;
2023/03/04;0100 UTC;;933,8;933,8;933,2;;23,9;19,1;24,9;23,9;19,3;19;75;70;75;266;5;1,2;
2023/03/04;0200 UTC;;934,2;934,2;933,8;;23,9;19,1;24,1;23;19,7;19,1;79;75;75;257;2,5;1,3;
2023/03/04;0300 UTC;;933,8;934,2;933,8;;22,7;19,2;24,1;22,7;19,8;18,9;81;74;80;172;2,3;,6;
2023/03/04;0400 UTC;;933,5;933,8;933,5;;23,1;18,6;23,6;21,6;19,4;18,4;85;74;75;240;3,4;2,3;
2023/03/04;0500 UTC;;932,9;933,5;932,9;;22,2;18,8;23,4;22,2;19;18,5;81;75;81;177;2,9;1;
2023/03/04;0600 UTC;;932,6;932,9;932,5;;21,6;18,9;22,7;21,6;19,3;18,7;85;80;85;237;2,1;1,3;
2023/03/04;0700 UTC;;932,8;932,8;932,6;;22;18;22,6;21,6;19,1;18;85;78;78;221;2,1;,7;
2023/03/04;0800 UTC;;933;933;932,6;;21,6;16,7;22,3;21,5;18,1;16,7;78;73;74;91;2,4;,4;
2023/03/04;0900 UTC;;933,8;933,8;933;;21,1;16,2;22,1;21,1;16,9;16;74;69;74;308;4,2;,8;
2023/03/04;1000 UTC;;934,4;934,4;933,8;128,9;21,9;17,2;21,9;20,1;18;16,2;84;74;74;348;1,8;,7;
2023/03/04;1100 UTC;;935,2;935,2;934,4;973;24,4;17,1;24,4;21,9;18;16,3;75;61;64;40;3,5;2,2;
2023/03/04;1200 UTC;;935,8;935,8;935,2;1922,1;25,4;15,7;25,7;24,4;16,8;15,1;63;53;55;34;5,9;3,7;
2023/03/04;1300 UTC;;935,9;936;935,8;2753,8;26,2;16,3;26,7;25,4;17,2;15;56;52;54;24;7,3;4,6;
2023/03/04;1400 UTC;;935,7;936;935,6;3375,7;27,8;17,3;27,8;26,2;17,6;15,6;56;50;53;34;8,5;4,1;
2023/03/04;1500 UTC;;935,1;935,7;935,1;3759,3;29,1;17;29,1;27,6;18;16,3;55;46;48;24;7,7;3,7;
2023/03/04;1600 UTC;;934,3;935,1;934,3;3873,9;29,9;17,5;30,1;28,5;19,3;15,8;53;42;47;70;7,3;2;
2023/03/04;1700 UTC;;933,5;934,3;933,5;3701,7;30,5;16,5;30,7;29,3;18,7;14;50;38;43;92;5;1,4;
2023/03/04;1800 UTC;;932,4;933,5;932,4;3286,6;31;16,2;31,3;30,1;18,4;14,3;48;36;41;80;5,8;2,1;
2023/03/04;1900 UTC;;931,5;932,4;931,5;2577,1;30,9;16,4;31,5;30,8;17,6;13,4;44;34;42;98;6;3;
2023/03/04;2000 UTC;;931;931,5;931;1716,7;30,3;15,5;31,1;30;17,5;13,8;44;35;41;143;6,2;2,7;
2023/03/04;2100 UTC;;931,1;931,1;930,9;656,9;28,3;16,6;30,3;28,3;17;14,5;50;38;49;119;4,9;1,2;
2023/03/04;2200 UTC;;932;932;931,1;18,6;26,8;17,4;28,7;26,8;17,8;15,2;58;44;56;236;3,3;2,4;
2023/03/04;2300 UTC;;932,4;932,5;932;;26,4;15,7;27,1;26,4;17,2;15,7;56;50;52;254;2,9;1,1;
2023/03/05;0000 UTC;;933,1;933,1;932,4;;25;18,5;26,4;25;18,5;16;67;52;67;7;1,7;,4;
2023/03/05;0100 UTC;;933,7;933,7;933,1;;24,4;19;25,1;24;19,2;18,4;72;67;72;9;1,3;1;
2023/03/05;0200 UTC;;934,1;934,1;933,7;;23,6;17,3;24,5;23,3;19;17,3;75;68;68;222;1,6;,8;
2023/03/05;0300 UTC;;933,9;934,2;933,9;;23,3;18,3;24,2;23,3;18,4;16,7;74;63;74;336;2,2;,2;
2023/03/05;0400 UTC;;933,3;933,9;933,3;;22,7;17,2;23,6;22,5;18,6;16,8;76;68;71;277;1,5;,6;
2023/03/05;0500 UTC;;932,9;933,3;932,9;;21,7;17,6;22,9;21,7;18,1;17,2;78;71;78;188;1,2;,3;
2023/03/05;0600 UTC;;932,4;933;932,4;;22,3;16;22,3;20,7;17,6;16;79;68;68;232;2,3;1,8;
2023/03/05;0700 UTC;;932,2;932,5;932,2;;21,2;17,1;22,3;21,2;17,1;15,4;77;66;77;343;2,3;,8;
2023/03/05;0800 UTC;;932,4;932,5;932,1;;19,9;16,3;21,2;19;17,1;15,8;85;75;80;241;4,7;2;
2023/03/05;0900 UTC;;932,9;932,9;932,4;;20,2;16,6;21,2;19,3;16,6;15,5;81;73;80;287;2,7;1,2;
2023/03/05;1000 UTC;;933,3;933,3;932,9;97,7;21,6;16,6;21,6;19,9;16,9;16,1;80;73;73;251;1,8;1,2;
2023/03/05;1100 UTC;;933,9;933,9;933,3;881,5;24,8;17,3;24,8;21,6;19,2;16,2;74;61;63;40;3,3;1,7;
2023/03/05;1200 UTC;;934,4;934,4;933,9;1766,8;25,4;15,6;25,8;24,8;18,1;15,6;65;55;55;23;5,2;3,1;
2023/03/05;1300 UTC;;934,2;934,4;934,2;2680,9;26,9;16,5;27,3;25,4;16,9;15,5;57;50;53;7;7,9;4,9;
2023/03/05;1400 UTC;;933,8;934,2;933,8;3403,9;28,8;18,1;28,9;26,7;18,6;16,3;55;49;52;50;7,5;3,9;
2023/03/05;1500 UTC;;933;933,8;933;3741,5;29,9;17,5;30,1;28,7;18,9;16;54;44;47;65;6,4;2,2;
2023/03/05;1600 UTC;;932,1;933;932,1;3497,7;30,6;14,8;31,1;29;18;13,5;50;35;38;322;5,1;2,2;
2023/03/05;1700 UTC;;931,1;932,1;931,1;3752,2;31,5;15,9;31,7;30,5;17,4;12,4;44;33;39;125;5,1;2,9;
2023/03/05;1800 UTC;;930,3;931,2;930,3;3262;31,6;14,3;32,2;31,2;17,7;12,3;43;31;35;44;5,7;2,6;
2023/03/05;1900 UTC;;929,6;930,3;929,6;2546,4;31,6;13,8;32,2;31,4;17;12,7;41;32;34;99;6,1;2,8;
2023/03/05;2000 UTC;;928,9;929,6;928,9;1084,5;29,8;13,4;31,6;29,8;16,6;12,7;44;32;37;82;5,1;2,8;
2023/03/05;2100 UTC;;929;929;928,8;428,6;28,8;13,8;29,8;28,8;14,5;12,2;40;35;40;107;5;1,7;
2023/03/05;2200 UTC;;929,4;929,4;929;33;27,6;16;29;27;16,5;13,9;52;40;50;121;2,9;1;
2023/03/05;2300 UTC;;930;930,1;929,4;;25,1;17,1;27,6;25,1;17,2;16,1;62;49;61;195;2,1;,9;
2023/03/06;0000 UTC;;930,6;930,6;930;;24,7;16;25,8;23,5;17,3;15,4;64;53;59;218;1,9;,7;
2023/03/06;0100 UTC;;931,2;931,2;930,6;;24,8;16,9;25,4;24,2;17,1;15,7;63;56;61;248;1,3;,6;
2023/03/06;0200 UTC;;931,6;931,7;931,2;;24,6;16,9;25,1;23,1;17,7;16,7;71;60;62;239;2,2;1,5;
2023/03/06;0300 UTC;;931,5;931,7;931,4;;24,2;17,5;24,6;23,6;17,9;16,7;70;62;66;300;1,7;,5;
2023/03/06;0400 UTC;;930,9;931,6;930,9;;23,3;17,3;24,2;22,8;17,5;16,8;71;64;69;342;1,4;1;
2023/03/06;0500 UTC;;930,3;930,9;930,3;;22,6;17,2;23,9;22,5;17,8;17;72;68;72;142;1,6;,2;
2023/03/06;0600 UTC;;930,2;930,3;930,1;;21,6;17,4;22,6;21,6;17,5;16,3;77;69;77;237;2;1,5;
2023/03/06;0700 UTC;;930,3;930,4;930,2;;22,1;16,9;23,1;21,6;17,6;16,3;77;65;73;145;2,7;,3;
2023/03/06;0800 UTC;;930,5;930,5;930,2;;20,9;16,9;22,1;20,9;17,7;16,5;79;71;78;271;1,8;,7;
2023/03/06;0900 UTC;;930,6;930,6;930,4;;20,9;17,1;21,6;20,6;17,3;16,5;79;73;79;333;2,2;,6;
2023/03/06;1000 UTC;;931,4;931,4;930,6;129,7;20,3;16,7;21,6;19,9;17,6;16;81;77;80;115;3,1;1,6;
2023/03/06;1100 UTC;;932,3;932,3;931,4;942;24,8;16,9;24,8;20,3;17,5;16,3;80;61;62;72;3,1;,9;
2023/03/06;1200 UTC;;932,5;932,5;932,2;1883,3;26,5;17;26,5;24,8;17,9;16;65;54;56;47;4,4;2,8;
2023/03/06;1300 UTC;;932,7;932,7;932,5;2781,7;28,2;15,7;28,7;26,3;18,2;15,7;58;46;47;18;5;3;
2023/03/06;1400 UTC;;932,5;932,7;932,5;2071,3;29,2;17,5;29,4;28,2;17,5;14,8;50;43;49;18;;3,7;
2023/03/06;1500 UTC;0;932,1;932,5;932,1;2756,5;30,3;17,4;30,4;29,1;18,6;16;51;44;46;19;6,9;3,7;
2023/03/06;1600 UTC;0;930,9;932,2;930,9;2562,2;30,5;15,9;31;29,7;17,7;15,5;47;39;41;40;8,4;4,3;
2023/03/06;1700 UTC;0;929,7;930,9;929,7;3895;31,9;15,7;32,6;30,5;17,6;15,2;43;36;38;21;8,4;4,5;
2023/03/06;1800 UTC;0;928,7;929,7;928,7;2151,8;31,5;14,1;32,4;30,9;17,7;14,1;43;35;35;34;8;3,6;
2023/03/06;1900 UTC;0;928,3;928,7;928,2;1494;31,4;13,3;32,1;31,2;15,4;12,4;38;31;33;43;7;3,4;
2023/03/06;2000 UTC;;;;;;;;;;;;;;;;;;
2023/03/06;2100 UTC;;;;;;;;;;;;;;;;;;
2023/03/06;2200 UTC;;;;;;;;;;;;;;;;;;
2023/03/06;2300 UTC;;;;;;;;;;;;;;;;;;
2023/03/07;0000 UTC;;;;;;;;;;;;;;;;;;
2023/03/07;0100 UTC;;;;;;;;;;;;;;;;;;
2023/03/07;0200 UTC;;;;;;;;;;;;;;;;;;
2023/03/07;0300 UTC;;;;;;;;;;;;;;;;;;
2023/03/07;0400 UTC;;;;;;;;;;;;;;;;;;
2023/03/07;0500 UTC;;;;;;;;;;;;;;;;;;
2023/03/07;0600 UTC;;;;;;;;;;;;;;;;;;
2023/03/07;0700 UTC;;;;;;;;;;;;;;;;;;
2023/03/07;0800 UTC;;;;;;;;;;;;;;;;;;
2023/03/07;0900 UTC;;;;;;;;;;;;;;;;;;
2023/03/07;1000 UTC;;;;;;;;;;;;;;;;;;
2023/03/07;1100 UTC;;;;;;;;;;;;;;;;;;
2023/03/07;1200 UTC;;;;;;;;;;;;;;;;;;
2023/03/07;1300 UTC;0;935,2;935,2;934,4;1080,1;23,9;19;24,1;22,6;19,8;18,7;83;73;74;219;3,8;1,9;
2023/03/07;1400 UTC;0;934,8;935,1;934,7;1661,7;24,5;18,8;25;23,9;19,7;17,7;75;65;71;228;5,4;2,5;
2023/03/07;1500 UTC;0;934,2;934,8;934,2;986,2;23,9;19;24,4;23,7;19,2;18,7;75;71;74;219;4,6;2;
2023/03/07;1600 UTC;0;933,5;934,3;933,5;1290,7;24,9;18,3;25,1;23,9;19,4;17,9;74;67;67;211;3,1;,9;
2023/03/07;1700 UTC;,2;932,2;933,5;932,2;3594,5;28;18,1;28;24,6;19,4;17,3;68;53;55;251;3,5;,9;
2023/03/07;1800 UTC;0;930,7;932,2;930,7;2855,8;27,3;20,1;29,6;26,8;20,3;17,8;65;52;65;187;4,2;1,9;
2023/03/07;1900 UTC;0;930,4;930,9;930,4;1242,8;27;20,7;27,9;26,1;20,9;19,4;71;60;69;143;5,9;2,3;
2023/03/07;2000 UTC;;;;;;;;;;;;;;;;;;
2023/03/07;2100 UTC;;;;;;;;;;;;;;;;;;
2023/03/07;2200 UTC;;;;;;;;;;;;;;;;;;
2023/03/07;2300 UTC;;;;;;;;;;;;;;;;;;
2023/03/08;0000 UTC;;;;;;;;;;;;;;;;;;
2023/03/08;0100 UTC;;;;;;;;;;;;;;;;;;
2023/03/08;0200 UTC;;;;;;;;;;;;;;;;;;
2023/03/08;0300 UTC;;;;;;;;;;;;;;;;;;
2023/03/08;0400 UTC;;;;;;;;;;;;;;;;;;
2023/03/08;0500 UTC;;;;;;;;;;;;;;;;;;
2023/03/08;0600 UTC;;;;;;;;;;;;;;;;;;
2023/03/08;0700 UTC;;;;;;;;;;;;;;;;;;
2023/03/08;0800 UTC;;;;;;;;;;;;;;;;;;
2023/03/08;0900 UTC;;;;;;;;;;;;;;;;;;
2023/03/08;1000 UTC;;;;;;;;;;;;;;;;;;
2023/03/08;1100 UTC;;;;;;;;;;;;;;;;;;
2023/03/08;1200 UTC;0;935;935,6;935;817,2;21,9;18,9;21,9;20,5;19,1;18,2;92;81;83;161;4,1;1;
2023/03/08;1300 UTC;0;935;935;934,7;1254,1;22,7;18,7;22,9;21,8;19,6;18,3;83;76;78;133;4,8;2,3;
2023/03/08;1400 UTC;0;935;935,1;935;1111,8;23,2;18,9;23,5;22,8;19,5;18,1;80;73;77;33;4,1;2,3;
2023/03/08;1500 UTC;0;934,4;935;934,4;1419;24;19,5;24,2;23,2;20,1;18,9;80;74;76;61;4,4;2,6;
2023/03/08;1600 UTC;0;933,5;934,4;933,5;2666,9;25,7;19,6;26,2;24;20,7;18,9;77;67;69;78;5,5;2,5;
2023/03/08;1700 UTC;0;932,9;933,5;932,9;1179,2;25,4;19,5;26;25,2;20,7;19,4;73;69;70;20;6,7;4,3;
2023/03/08;1800 UTC;0;932,1;932,9;932,1;1124,2;25,4;19,5;25,6;25,2;20,1;19,4;72;69;70;22;7,3;2,8;
2023/03/08;1900 UTC;0;931,2;932,1;931,2;1478;26,2;19,5;26,5;25,2;20,2;19,2;71;66;66;43;6;3,6;
2023/03/08;2000 UTC;0;931,5;931,5;931,1;1090,8;26,2;20;26,8;25,9;20,5;19,3;71;66;68;38;6,7;3,7;
2023/03/08;2100 UTC;;;;;;;;;;;;;;;;;;
2023/03/08;2200 UTC;;;;;;;;;;;;;;;;;;
2023/03/08;2300 UTC;;;;;;;;;;;;;;;;;;
2023/03/09;0000 UTC;;;;;;;;;;;;;;;;;;
2023/03/09;0100 UTC;;;;;;;;;;;;;;;;;;
2023/03/09;0200 UTC;;;;;;;;;;;;;;;;;;
2023/03/09;0300 UTC;;;;;;;;;;;;;;;;;;
2023/03/09;0400 UTC;;;;;;;;;;;;;;;;;;
2023/03/09;0500 UTC;;;;;;;;;;;;;;;;;;
2023/03/09;0600 UTC;;;;;;;;;;;;;;;;;;
2023/03/09;0700 UTC;;;;;;;;;;;;;;;;;;
2023/03/09;0800 UTC;;;;;;;;;;;;;;;;;;
2023/03/09;0900 UTC;;;;;;;;;;;;;;;;;;
2023/03/09;1000 UTC;;;;;;;;;;;;;;;;;;
2023/03/09;1100 UTC;0;935,5;935,5;935;352,2;22,7;18,7;22,7;21,6;19,1;18,6;84;78;78;198;2;,4;
2023/03/09;1200 UTC;0;936,2;936,2;935,5;932,6;23,9;19,1;24;22,7;19,7;18,7;81;74;74;128;2,3;,9;
2023/03/09;1300 UTC;0;936,3;936,4;936,2;1073,8;24,9;19,6;25;23,9;20,1;18,5;77;69;73;97;4,5;1,9;
2023/03/09;1400 UTC;0;935,9;936,3;935,9;1105,5;25,4;18,5;25,7;24,9;19,8;18,3;73;65;66;35;4,8;2,6;
2023/03/09;1500 UTC;0;935,1;935,9;935,1;1580,5;26,1;18,9;26,2;25,2;19,8;18,3;70;64;65;78;5,1;2,8;
2023/03/09;1600 UTC;0;934,3;935,1;934,3;1918;26,1;18,6;26,5;25,6;19,7;18,2;68;62;63;13;5,2;2,8;
2023/03/09;1700 UTC;0;933,5;934,3;933,5;1543,4;26,8;19,7;26,8;25,9;19,7;17,9;66;60;65;91;4,5;1,5;
2023/03/09;1800 UTC;0;932,4;933,5;932,4;1884,2;27,7;18,7;28;26,8;20,1;18,4;66;57;58;109;4;1;
2023/03/09;1900 UTC;0;931,6;932,4;931,6;1989,5;28,4;19,3;28,7;27,2;20,2;18;62;52;58;76;4,4;1,7;
2023/03/09;2000 UTC;0;931,2;931,6;931,2;1221,1;27,8;18,1;29,2;27,7;20,4;17,9;60;54;55;100;3,4;1;
2023/03/09;2100 UTC;;;;;;;;;;;;;;;;;;
2023/03/09;2200 UTC;;;;;;;;;;;;;;;;;;
2023/03/09;2300 UTC;;;;;;;;;;;;;;;;;;
2023/03/10;0000 UTC;;;;;;;;;;;;;;;;;;
2023/03/10;0100 UTC;;;;;;;;;;;;;;;;;;
2023/03/10;0200 UTC;;;;;;;;;;;;;;;;;;
2023/03/10;0300 UTC;;;;;;;;;;;;;;;;;;
2023/03/10;0400 UTC;;;;;;;;;;;;;;;;;;
2023/03/10;0500 UTC;;;;;;;;;;;;;;;;;;
2023/03/10;0600 UTC;;;;;;;;;;;;;;;;;;
2023/03/10;0700 UTC;;;;;;;;;;;;;;;;;;
2023/03/10;0800 UTC;;;;;;;;;;;;;;;;;;
2023/03/10;0900 UTC;;;;;;;;;;;;;;;;;;
2023/03/10;1000 UTC;;;;;;;;;;;;;;;;;;
2023/03/10;1100 UTC;0;934,9;934,9;934,2;745,1;24,9;19;25;22,9;19,4;18,4;78;68;70;53;3,6;1,7;
2023/03/10;1200 UTC;0;935,6;935,6;934,9;1310;26,2;19;26,2;24,9;19,5;18,5;71;65;65;63;5;2,2;
2023/03/10;1300 UTC;0;935,9;935,9;935,6;1624,4;26,1;18,3;26,6;25,5;19,3;18,3;68;61;62;36;6,9;3,9;
2023/03/10;1400 UTC;0;935,7;936;935,7;2035,7;26,8;19,5;27,1;25,9;19,5;18,2;66;60;65;18;6,9;2,8;
2023/03/10;1500 UTC;0;934,9;935,7;934,9;3035,3;28,1;19,2;28,9;26,7;20,4;18,6;65;56;58;19;5,4;2;
2023/03/10;1600 UTC;0;933,9;934,9;933,9;2874,9;28,8;18,6;29,1;28,1;20,3;18,5;62;54;54;63;5,5;2,2;
2023/03/10;1700 UTC;0;933;933,9;933;2083,3;28,7;18,3;30,2;28,5;20,3;18,3;59;51;53;29;5,8;4;
2023/03/10;1800 UTC;0;931,7;933;931,6;1545,9;28,9;18,1;29,8;28,5;19,7;17,7;56;51;52;32;6,2;2,5;
2023/03/10;1900 UTC;;;;;;;;;;;;;;;;;;
2023/03/10;2000 UTC;;;;;;;;;;;;;;;;;;
2023/03/10;2100 UTC;;;;;;;;;;;;;;;;;;
2023/03/10;2200 UTC;;;;;;;;;;;;;;;;;;
2023/03/10;2300 UTC;;;;;;;;;;;;;;;;;;
2023/03/11;0000 UTC;;;;;;;;;;;;;;;;;;
2023/03/11;0100 UTC;;;;;;;;;;;;;;;;;;
2023/03/11;0200 UTC;;;;;;;;;;;;;;;;;;
2023/03/11;0300 UTC;;;;;;;;;;;;;;;;;;
2023/03/11;0400 UTC;;;;;;;;;;;;;;;;;;
2023/03/11;0500 UTC;;;;;;;;;;;;;;;;;;
2023/03/11;0600 UTC;;;;;;;;;;;;;;;;;;
2023/03/11;0700 UTC;;;;;;;;;;;;;;;;;;
2023/03/11;0800 UTC;;;;;;;;;;;;;;;;;;
2023/03/11;0900 UTC;;;;;;;;;;;;;;;;;;
2023/03/11;1000 UTC;;;;;;;;;;;;;;;;;;
2023/03/11;1100 UTC;;;;;;;;;;;;;;;;;;
2023/03/11;1200 UTC;0;934,8;934,9;934,7;1047,6;23,5;19,3;23,7;21,1;20,4;19,1;90;77;77;137;6;3,6;
2023/03/11;1300 UTC;0;935;935,1;934,8;1547,8;23,8;19,2;24,8;23,5;20,5;19;80;73;75;137;6,6;4,2;
2023/03/11;1400 UTC;0;934,7;935;934,6;2306,9;26,2;20,1;26,2;23,8;20,4;19;76;66;69;96;6,6;3,4;
2023/03/11;1500 UTC;0;934,2;934,7;934,1;2023,8;26,8;19,7;27,2;26,1;20,7;18,9;71;62;65;65;6,7;2,8;
2023/03/11;1600 UTC;0;933,4;934,2;933,4;2054;27,5;19,1;28,3;26,4;20,7;18,7;67;58;60;62;5;2,4;
2023/03/11;1700 UTC;0;931,8;933,4;931,8;2550,9;28,2;19;28,6;27,2;20,4;18,2;65;54;57;7;6;2,7;
2023/03/11;1800 UTC;0;931;931,8;931;1931,5;28,5;19,1;29;28,1;19,8;17,9;60;53;57;127;5,1;2,1;
2023/03/11;1900 UTC;0;931,4;931,5;931;825;27,9;20;28,5;27,6;20,2;19;63;57;63;126;3,9;1,7;
2023/03/11;2000 UTC;;;;;;;;;;;;;;;;;;
2023/03/11;2100 UTC;;;;;;;;;;;;;;;;;;
2023/03/11;2200 UTC;;;;;;;;;;;;;;;;;;
2023/03/11;2300 UTC;;;;;;;;;;;;;;;;;;
2023/03/12;0000 UTC;;;;;;;;;;;;;;;;;;
2023/03/12;0100 UTC;;;;;;;;;;;;;;;;;;
2023/03/12;0200 UTC;;;;;;;;;;;;;;;;;;
2023/03/12;0300 UTC;;;;;;;;;;;;;;;;;;
2023/03/12;0400 UTC;;;;;;;;;;;;;;;;;;
2023/03/12;0500 UTC;;;;;;;;;;;;;;;;;;
2023/03/12;0600 UTC;;;;;;;;;;;;;;;;;;
2023/03/12;0700 UTC;;;;;;;;;;;;;;;;;;
2023/03/12;0800 UTC;;;;;;;;;;;;;;;;;;
2023/03/12;0900 UTC;;;;;;;;;;;;;;;;;;
2023/03/12;1000 UTC;;;;;;;;;;;;;;;;;;
2023/03/12;1100 UTC;0;934,4;934,4;933,7;816,1;22,9;18,6;23;21,2;19,2;18,1;84;76;77;147;4,7;2,3;
2023/03/12;1200 UTC;0;935;935;934,4;1595,8;24,4;18,7;25;22,7;19,5;18,3;78;69;71;120;4,8;2,6;
2023/03/12;1300 UTC;,2;934,9;935,1;934,9;2627,1;27,4;18,8;27,4;24,3;20,2;18,8;73;60;60;74;6,5;3,1;
2023/03/12;1400 UTC;0;934,7;935;934,7;3056,5;27,4;19,2;27,8;26,8;19,9;18,1;64;57;61;61;7,5;4;
2023/03/12;1500 UTC;0;934,2;934,8;934,2;3577,9;28,4;18,8;28,9;27,4;20,3;18,4;64;55;56;80;7,2;3,4;
2023/03/12;1600 UTC;0;933,2;934,2;933,2;2445,9;28,4;18,8;30;27,6;21,1;18,1;61;53;56;37;6,1;1,6;
2023/03/12;1700 UTC;0;932,1;933,2;932,1;1576,4;28,9;19,8;29,4;28,2;20,5;18,6;60;54;58;92;5;2,6;
2023/03/12;1800 UTC;0;931;932,1;931;2861,4;30,5;20,3;30,8;28,7;20,8;18;58;49;55;103;5,3;2;
2023/03/12;1900 UTC;0;930,5;931,1;930,5;1166,4;29;19,2;31;28,9;20,6;18,3;59;48;56;126;5,1;2;
2023/03/12;2000 UTC;;;;;;;;;;;;;;;;;;
2023/03/12;2100 UTC;;;;;;;;;;;;;;;;;;
2023/03/12;2200 UTC;;;;;;;;;;;;;;;;;;
2023/03/12;2300 UTC;;;;;;;;;;;;;;;;;;
2023/03/13;0000 UTC;;;;;;;;;;;;;;;;;;
2023/03/13;0100 UTC;;;;;;;;;;;;;;;;;;
2023/03/13;0200 UTC;;;;;;;;;;;;;;;;;;
2023/03/13;0300 UTC;;;;;;;;;;;;;;;;;;
2023/03/13;0400 UTC;;;;;;;;;;;;;;;;;;
2023/03/13;0500 UTC;;;;;;;;;;;;;;;;;;
2023/03/13;0600 UTC;;;;;;;;;;;;;;;;;;
2023/03/13;0700 UTC;;;;;;;;;;;;;;;;;;
2023/03/13;0800 UTC;;;;;;;;;;;;;;;;;;
2023/03/13;0900 UTC;;;;;;;;;;;;;;;;;;
2023/03/13;1000 UTC;;;;;;;;;;;;;;;;;;
2023/03/13;1100 UTC;0;934,7;934,7;933,8;694,5;24,1;18,3;24,2;22,2;20,1;18,3;87;70;70;58;5,4;3;
2023/03/13;1200 UTC;0;935,6;935,6;934,7;1328,6;25,9;18,2;25,9;24,1;19,2;17,4;72;60;63;78;6,6;3,6;
2023/03/13;1300 UTC;0;935,6;935,7;935,4;2387,8;27,7;18,1;27,7;25,9;18,4;17;63;54;56;84;7,1;3,9;
2023/03/13;1400 UTC;0;935,1;935,7;935;3135;29;18,5;29;27,4;18,9;16,3;57;50;53;92;7,1;3,1;
2023/03/13;1500 UTC;0;934,1;935,1;934,1;2920,9;28,5;18,2;29,1;27,8;19,3;17,1;58;49;53;73;5,7;2,9;
2023/03/13;1600 UTC;0;933,6;934,1;933,6;2318,5;29,4;17,8;29,8;28,3;19,9;17,3;58;50;50;122;6,6;2,9;
2023/03/13;1700 UTC;0;932,9;933,6;932,7;2622,3;30;19,2;30;28,4;19,6;17,3;58;49;52;119;6,5;3,2;
2023/03/13;1800 UTC;0;932,5;932,9;932,4;1964,2;29,2;18,7;30,3;29;19,5;17,7;55;49;53;103;6,5;2,7;
2023/03/13;1900 UTC;0;931,7;932,5;931,6;975,1;28,3;18,6;29,2;28,3;19,4;18,1;58;52;56;111;5,7;2,9;
2023/03/13;2000 UTC;;;;;;;;;;;;;;;;;;
2023/03/13;2100 UTC;;;;;;;;;;;;;;;;;;
2023/03/13;2200 UTC;;;;;;;;;;;;;;;;;;
2023/03/13;2300 UTC;;;;;;;;;;;;;;;;;;
2023/03/14;0000 UTC;;;;;;;;;;;;;;;;;;
2023/03/14;0100 UTC;;;;;;;;;;;;;;;;;;
2023/03/14;0200 UTC;;;;;;;;;;;;;;;;;;
2023/03/14;0300 UTC;;;;;;;;;;;;;;;;;;
2023/03/14;0400 UTC;;;;;;;;;;;;;;;;;;
2023/03/14;0500 UTC;;;;;;;;;;;;;;;;;;
2023/03/14;0600 UTC;;;;;;;;;;;;;;;;;;
2023/03/14;0700 UTC;;;;;;;;;;;;;;;;;;
2023/03/14;0800 UTC;;;;;;;;;;;;;;;;;;
2023/03/14;0900 UTC;;;;;;;;;;;;;;;;;;
2023/03/14;1000 UTC;0;934,3;;;158,4;22,4;18,6;;;;;;;79;216;;,6;
2023/03/14;1100 UTC;0;935,2;935,3;934,1;814,2;24,7;19,1;24,7;22,4;19,1;18,1;79;68;71;129;2,8;1,3;
2023/03/14;1200 UTC;0;935,8;936;935;923,3;25,5;18,1;25,5;24,5;19,3;17,1;72;60;64;73;6,7;3,6;
2023/03/14;1300 UTC;0;936;936,2;935,7;2206,6;26,5;17,6;26,7;25,4;19;16,8;65;57;58;76;7,3;4,1;
2023/03/14;1400 UTC;0;935,8;936;935,6;3481;27,8;18,2;28,1;26,1;19,3;16,9;63;54;56;54;7,9;3,1;
2023/03/14;1500 UTC;0;935,1;935,7;934,9;3151,7;27,5;18,3;28,9;26,8;19,6;16,9;59;52;57;84;7,1;2,5;
2023/03/14;1600 UTC;0;934,1;935,2;934,1;3391,6;29,1;18,2;29,5;27,5;19,2;15,4;60;45;52;78;6,4;2,3;
2023/03/14;1700 UTC;0;933,4;934,3;933,2;2576,7;29,7;18;29,8;28,6;19,3;17,1;56;48;50;115;6,2;3,5;
2023/03/14;1800 UTC;0;932,2;933,4;932,2;1174,4;28,4;17,4;29,8;28;18,7;16,6;55;47;51;133;6,2;1,8;
2023/03/14;1900 UTC;0;931,8;932,4;931,8;799,3;27,9;17,4;28,4;27,9;18,8;17,1;57;50;53;144;3;1,2;
2023/03/14;2000 UTC;0;931,8;931,9;931,6;853,8;28,2;17,6;28,4;27,7;18,7;17,3;58;51;53;199;2,8;1,5;
2023/03/14;2100 UTC;;;;;;;;;;;;;;;;;;
2023/03/14;2200 UTC;;;;;;;;;;;;;;;;;;
2023/03/14;2300 UTC;;;;;;;;;;;;;;;;;;
2023/03/15;0000 UTC;;;;;;;;;;;;;;;;;;
2023/03/15;0100 UTC;;;;;;;;;;;;;;;;;;
2023/03/15;0200 UTC;;;;;;;;;;;;;;;;;;
2023/03/15;0300 UTC;;;;;;;;;;;;;;;;;;
2023/03/15;0400 UTC;;;;;;;;;;;;;;;;;;
2023/03/15;0500 UTC;;;;;;;;;;;;;;;;;;
2023/03/15;0600 UTC;;;;;;;;;;;;;;;;;;
2023/03/15;0700 UTC;;;;;;;;;;;;;;;;;;
2023/03/15;0800 UTC;;;;;;;;;;;;;;;;;;
2023/03/15;0900 UTC;;;;;;;;;;;;;;;;;;
2023/03/15;1000 UTC;;;;;;;;;;;;;;;;;;
2023/03/15;1100 UTC;;;;;;;;;;;;;;;;;;
2023/03/15;1200 UTC;0;935,2;935,2;934,5;1074,4;25;18,3;25;22,5;19,8;18,1;82;65;66;66;4,9;3;
2023/03/15;1300 UTC;0;935,4;935,4;935;1984,3;26,1;18;26,9;25;19,5;17,9;69;59;61;89;8,2;3,9;
2023/03/15;1400 UTC;0;935,1;935,5;934,9;2418,6;27;18,2;27,7;25,8;19,6;17,9;65;58;59;101;7,4;3,5;
2023/03/15;1500 UTC;0;934,4;935,1;934,4;2145,5;27,4;19,1;27,6;26,1;20,1;18,1;66;58;60;109;6,8;3,1;
2023/03/15;1600 UTC;0;933,5;934,6;933,4;2528,5;28,7;18,3;28,9;26,7;19,5;17,4;63;52;53;94;6,9;3,3;
2023/03/15;1700 UTC;0;932;933,6;931,9;2624;28,5;18;29,6;27,9;19,2;17,1;57;50;53;96;7,1;2,9;
2023/03/15;1800 UTC;0;930,8;932,1;930,8;2705,7;29,9;17,4;29,9;28,4;19,1;17,3;55;47;47;98;7,6;3,3;
2023/03/15;1900 UTC;0;930,6;930,9;930,4;1799,4;28,4;16,9;30,8;28,3;19;16,2;53;46;50;110;6,7;4,2;
2023/03/15;2000 UTC;0;930,5;930,6;930,1;1099,9;25,8;17,9;30,2;25,8;18,9;17,2;63;47;62;133;11;3,5;
2023/03/15;2100 UTC;0;930,8;930,8;930,3;223,6;24,9;18,2;25,8;24,9;19,2;17,9;70;62;66;92;5,4;2,4;
2023/03/15;2200 UTC;0;931;931;930,6;12,8;23,9;18,6;24,9;23,9;18,6;17,8;73;66;73;131;4,1;1,4;
2023/03/15;2300 UTC;0;931,8;931,8;931;;24;19,1;24,3;23,6;19,1;18,5;75;71;74;240;2,1;,9;
2023/03/16;0000 UTC;0;932,1;932,4;931,7;;23,7;18,7;24,1;23,4;19,2;18,6;76;73;74;223;2,6;1,5;
2023/03/16;0100 UTC;0;933,4;933,5;932;;23,1;18,3;23,8;23,1;18,8;18,1;77;71;74;241;2,2;1,6;
2023/03/16;0200 UTC;0;933,3;933,4;933;;23,3;18,8;23,3;22,9;18,8;18,2;77;74;76;234;2,5;1,3;
2023/03/16;0300 UTC;0;932,9;933,3;932,9;;23,1;18,4;23,3;22,8;18,8;18,4;78;75;75;234;3,1;1,9;
2023/03/16;0400 UTC;0;932,4;933,2;932,3;;22,9;18,6;23,2;22,6;18,7;18,3;79;74;77;219;3,1;1;
2023/03/16;0500 UTC;0;931,9;932,5;931,9;;22,8;18,5;23;22,3;18,9;18,5;81;76;77;229;2,3;,7;
2023/03/16;0600 UTC;0;931,6;932;931,6;;22,3;19;22,8;21,9;19,3;18,5;85;76;82;229;2,5;1,4;
2023/03/16;0700 UTC;0;931,5;931,7;931,5;;22,2;18,5;22,3;21,7;19;18,5;84;79;80;209;3;1,4;
2023/03/16;0800 UTC;0;931,7;931,7;931,4;;21,8;18,5;22,2;21,8;18,6;18,5;82;80;82;215;2,8;1;
2023/03/16;0900 UTC;0;932,4;932,4;931,7;;21,3;18,4;21,9;21,3;18,5;18,2;83;80;83;171;2,4;,6;
2023/03/16;1000 UTC;0;933,1;933,1;932,4;174,2;22,4;18,8;22,4;21,1;18,8;18,3;85;80;80;23;1,7;,3;
2023/03/16;1100 UTC;0;934,1;934,1;933,1;559,9;23,1;19,1;23,1;22,4;19,2;18,4;80;76;78;109;3,7;2,2;
2023/03/16;1200 UTC;0;934,8;934,8;934,1;1227,7;24,2;17,1;24,4;23,1;19,7;17;79;64;65;70;8;5;
2023/03/16;1300 UTC;0;934,7;934,8;934,6;2170,5;26,2;17,5;26,2;24,2;18,3;17,1;66;59;59;82;8,6;4,5;
2023/03/16;1400 UTC;0;934,3;934,7;934,2;2821,3;26,6;17,8;27;25,4;18,6;16,9;62;57;58;59;8,5;4,1;
2023/03/16;1500 UTC;0;933,5;934,3;933,5;3121,7;27,7;18,2;27,7;26;19,1;17,1;61;54;57;45;8,1;3,7;
2023/03/16;1600 UTC;0;932,5;933,5;932,5;2864,7;27,4;16,9;28,9;26,9;18,8;16,5;58;51;53;31;7,7;3,1;
2023/03/16;1700 UTC;0;931,5;932,6;931,5;3173,6;29,5;18,3;29,7;27,4;18,4;16,4;54;47;51;16;7,2;3,5;
2023/03/16;1800 UTC;0;930,3;931,5;930,3;2548,6;30,1;17,8;30,7;28,4;18,3;15,8;51;42;48;109;7,2;2;
2023/03/16;1900 UTC;0;929,6;930,3;929,6;1840;29,9;14,6;30,6;28,5;18,3;14,4;49;39;39;97;6,5;3,7;
2023/03/16;2000 UTC;0;929,6;929,6;929,6;1034,8;28,4;17,1;30,1;28,4;17,3;15,3;50;39;50;106;6,3;2,2;
2023/03/16;2100 UTC;0;929,8;929,8;929,6;284,7;26,8;17,7;28,5;26,8;17,9;16,6;58;49;58;114;3,6;1,3;
2023/03/16;2200 UTC;0;930,3;930,3;929,8;12,7;25,6;18,1;26,8;25,5;18,2;17,2;64;57;63;189;1,7;,8;
2023/03/16;2300 UTC;0;931,2;931,2;930,3;;24,5;17,7;25,8;24,4;18,5;17,5;67;63;66;214;1,5;1,1;
2023/03/17;0000 UTC;0;931,9;931,9;931,2;;24,8;17,2;25;24,2;17,7;16,6;66;60;63;309;1,5;,4;
2023/03/17;0100 UTC;0;932,5;932,5;931,9;;23;17,2;24,9;22,5;17,8;17;73;62;70;161;2,8;1,4;
2023/03/17;0200 UTC;0;932,4;932,6;932,4;;23,7;17,1;24;22,9;17,4;16,9;70;66;67;199;2,9;1,2;
2023/03/17;0300 UTC;0;932,3;932,5;932,3;;23,6;17,4;23,7;23;17,7;17;71;67;68;329;2,6;,9;
2023/03/17;0400 UTC;0;932,1;932,3;932;;22,4;17,7;23,6;21,8;17,8;17,2;76;68;74;349;1,5;,8;
2023/03/17;0500 UTC;0;932,1;932,1;932;;21,8;17,7;22,6;20,9;18,1;17,3;81;74;78;231;1,3;,7;
2023/03/17;0600 UTC;0;931,9;932,1;931,9;;20,5;17,5;22,1;20,5;18,1;17,3;83;75;83;252;2,1;,4;
2023/03/17;0700 UTC;0;931,7;931,9;931,7;;20,9;17,8;21,3;20,5;18,3;17,5;85;81;82;226;1,8;1,1;
2023/03/17;0800 UTC;0;932;932;931,7;;21,2;17,1;21,3;20,8;17,7;17,1;82;78;78;228;2;1,4;
2023/03/17;0900 UTC;0;932,6;932,6;932;;21,1;17;21,4;21,1;17,1;16,9;78;76;78;224;2,3;1,2;
2023/03/17;1000 UTC;0;933,2;933,2;932,6;140,3;21,9;17,3;21,9;20,9;17,5;17;80;75;76;197;2;,9;
2023/03/17;1100 UTC;0;933,9;933,9;933,2;616,8;23,4;18,4;23,4;21,8;18,5;17,3;76;73;74;141;2,5;1,3;
2023/03/17;1200 UTC;0;934,4;934,4;933,9;1595,4;26,3;17,9;26,4;23,3;19,3;17,6;75;60;60;90;7,6;3,7;
2023/03/17;1300 UTC;0;934,4;934,5;934,4;2746,6;27,7;18,3;27,9;26,2;18,9;17,5;62;56;57;80;7,4;4;
2023/03/17;1400 UTC;0;934,1;934,5;934,1;3029,2;27,1;17,7;28,7;27;19,3;17,3;59;52;57;55;8;4,4;
2023/03/17;1500 UTC;0;933,6;934,2;933,6;2440,7;28,6;18,6;28,6;27;19,2;17,7;59;53;55;101;7,5;3,6;
2023/03/17;1600 UTC;0;932,7;933,6;932,7;3052,8;29,7;18,2;29,7;28,5;20,4;16,8;59;48;50;111;7,2;3,5;
2023/03/17;1700 UTC;0;931,6;932,7;931,6;1990,9;28,8;17,1;30;28,6;19,2;16,7;55;46;49;103;6,5;3,6;
2023/03/17;1800 UTC;0;930,7;931,6;930,7;1447,9;29,1;17,5;29,8;28,7;18,2;15,7;51;44;49;128;7,3;3,4;
2023/03/17;1900 UTC;0;930,3;930,7;930,3;1458,9;28,9;17,4;30,5;28,9;19,4;16,2;54;44;50;124;6,6;3;
2023/03/17;2000 UTC;0;930,1;930,3;930,1;620;27,9;17,9;28,9;27,9;18,1;16,8;55;48;54;133;5,9;1,6;
2023/03/17;2100 UTC;0;930,3;930,3;930,1;216,4;26,8;18,3;27,9;26,7;18,5;17,8;60;54;60;140;2,7;1,1;
2023/03/17;2200 UTC;0;931;931;930,3;8,2;26,2;17,4;26,8;26,2;18,2;17,4;60;58;58;168;1,9;,8;
2023/03/17;2300 UTC;0;931,8;931,8;931;;24,7;18;26,3;24;19,5;17,2;75;57;66;166;7,1;2,4;
2023/03/18;0000 UTC;0;932,6;932,6;931,8;;23,6;17,5;24,7;23,6;18,3;17,4;71;66;69;202;4,8;1,1;
2023/03/18;0100 UTC;0;933;933;932,6;;23,4;17,4;23,8;22,9;17,7;17,2;71;68;69;232;3;1;
2023/03/18;0200 UTC;0;932,9;933;932,9;;23,7;16,9;23,8;23,4;17,4;16,9;69;65;65;190;2;1,1;
2023/03/18;0300 UTC;0;932,7;932,9;932,7;;23,1;16,6;23,8;23;16,9;16,6;68;65;67;203;2,1;1,1;
2023/03/18;0400 UTC;0;932,8;932,9;932,7;;22,7;16,8;23,1;22,5;16,9;16,6;70;67;69;245;2,1;1,2;
2023/03/18;0500 UTC;0;932,4;932,8;932,4;;22,2;17;22,8;21,8;17,2;16,7;74;69;72;234;2;1,4;
2023/03/18;0600 UTC;0;932,5;932,5;932,4;;22,4;17,4;22,5;22;17,4;17;74;72;74;221;2;1,4;
2023/03/18;0700 UTC;0;932,4;932,6;932,4;;22,4;17,6;22,6;21,6;17,7;17,3;78;73;74;186;2,3;,7;
2023/03/18;0800 UTC;0;932,6;932,6;932,4;;21,2;17,6;22,5;21,2;17,8;17,5;80;74;80;178;1,6;,5;
2023/03/18;0900 UTC;0;933,2;933,2;932,6;;21,1;17,7;21,4;20,6;17,9;17,4;83;80;81;226;1,9;1;
2023/03/18;1000 UTC;0;934,1;934,1;933,2;85,4;21;18,1;21,4;20,5;18,1;17,3;84;80;84;127;1,4;,3;
2023/03/18;1100 UTC;0;934,9;934,9;934,1;518,1;22,9;18;23,8;21;18,7;17,9;84;71;74;96;2,8;1,7;
2023/03/18;1200 UTC;0;935,4;935,4;934,9;1109,5;24,4;17,2;24,7;22,9;18,7;17,2;76;64;64;66;6,5;3,7;
2023/03/18;1300 UTC;0;935,3;935,4;935,3;2318,4;26,5;17,5;26,7;24,4;18,4;16,8;67;57;58;67;7,6;4,1;
2023/03/18;1400 UTC;0;935,3;935,6;935,3;2397,3;26,9;18,1;27,1;25,8;18,1;16,9;61;55;59;54;7,6;3,8;
2023/03/18;1500 UTC;0;934,6;935,3;934,6;2948,3;28,1;19;28,1;26,1;19;16,8;61;53;58;79;7,9;3,8;
2023/03/18;1600 UTC;0;933,8;934,6;933,8;3328,8;28,4;17,7;28,9;27,2;18,9;16,6;59;49;52;50;7,1;2,2;
2023/03/18;1700 UTC;0;932,9;933,8;932,9;2203,2;29;17,6;30;27,6;18,5;16;56;45;50;124;5,7;2,4;
2023/03/18;1800 UTC;0;932,1;932,9;932,1;2187,4;29,1;17,3;29,9;28,6;18,5;15,4;52;44;49;97;5,6;2,3;
2023/03/18;1900 UTC;0;931,6;932,1;931,6;965,1;27,7;17,1;29;27,7;17,9;16,5;54;49;53;28;6,6;4;
2023/03/18;2000 UTC;0;931,3;931,6;931,3;702;27,5;16,9;27,9;27,5;17,6;16,9;55;52;53;26;6;3,7;
2023/03/18;2100 UTC;0;931,6;931,6;931,3;489;26,9;16,9;27,9;26,9;17,3;16,6;54;51;54;28;5,8;3;
2023/03/18;2200 UTC;0;932,1;932,1;931,5;12,9;26,4;17,1;26,9;26,2;17,1;16,8;57;54;57;352;4,6;1,5;
2023/03/18;2300 UTC;0;932,9;932,9;932,1;;24,5;18;26,4;24,3;18,2;17,1;68;57;67;67;2,4;,2;
2023/03/19;0000 UTC;0;933,4;933,4;932,9;;23,3;18,3;24,5;23,1;18,8;18;76;67;74;50;1,5;,5;
2023/03/19;0100 UTC;0;933,9;933,9;933,4;;23,4;18,7;24;23,1;18,7;18;75;71;75;21;1,1;,7;
2023/03/19;0200 UTC;0;933,9;934;933,9;;22,4;18,5;23,5;22,4;18,7;18,3;79;74;79;126;1;,4;
2023/03/19;0300 UTC;0;933,8;933,9;933,8;;22,8;18,1;22,8;22,1;18,6;17,7;79;75;75;323;1;,5;
2023/03/19;0400 UTC;0;933,1;933,8;933,1;;22;18;22,8;21,3;18,3;17,5;80;74;78;258;1,7;1,1;
2023/03/19;0500 UTC;0;932,7;933,1;932,7;;20,6;17,4;22,1;20,6;18,2;17,3;82;77;82;229;1,7;,6;
2023/03/19;0600 UTC;0;932,4;932,7;932,4;;21;16,6;21,4;20,4;17,8;16,6;82;76;76;253;2,5;1,5;
2023/03/19;0700 UTC;0;932,6;932,6;932,4;;20,5;16,8;21,9;20,5;17,4;16,5;80;73;80;182;2,6;,8;
2023/03/19;0800 UTC;0;932,9;932,9;932,6;;21;17,7;21;20,2;17,8;16,9;85;80;81;183;1,7;1,1;
2023/03/19;0900 UTC;0;933,3;933,3;932,9;;20,8;17,5;21,1;20,3;17,8;17,3;84;81;81;225;2;,7;
2023/03/19;1000 UTC;0;934,1;934,1;933,3;79,1;20,3;17,5;21,1;20,3;17,7;17,2;84;79;84;64;2;,6;
2023/03/19;1100 UTC;0;934,8;934,8;934,1;899,5;23,4;18,2;23,4;20,3;18,3;17,5;84;72;72;162;1,8;,8;
2023/03/19;1200 UTC;0;935,3;935,3;934,8;1572,8;26,4;18,3;26,4;23,1;19,2;17,6;75;59;61;111;4,1;2;
2023/03/19;1300 UTC;0;935,5;935,6;935,3;2280,9;26,8;17,7;27;25,6;18,7;17,2;64;56;57;60;4,9;1,3;
2023/03/19;1400 UTC;0;935,3;935,5;935,3;3017,2;28,5;18,3;28,8;26,8;19,1;16,7;60;50;54;68;7,6;3,8;
2023/03/19;1500 UTC;0;934,8;935,3;934,8;2438,3;28,3;16,8;28,8;27;18,3;16;55;48;50;63;6,7;3,8;
2023/03/19;1600 UTC;0;934;934,8;933,9;3477;29,1;16,4;30,4;28,1;18,8;16,4;53;45;46;61;8,3;4,3;
2023/03/19;1700 UTC;0;932,9;934;932,9;2874,8;29,5;17;30,3;28,8;18,6;16,2;52;45;47;89;7,4;3,8;
2023/03/19;1800 UTC;0;931,7;932,9;931,7;2679,8;30,6;17,2;30,8;29,4;18,6;15,6;50;41;45;74;6,6;1,9;
2023/03/19;1900 UTC;0;930,9;931,7;930,9;2092,4;30,1;16;31,2;29,7;18,4;15,3;48;40;43;118;6,3;2,9;
2023/03/19;2000 UTC;0;931,3;931,4;930,9;489,2;25,7;16,1;30,1;25,7;18,4;15,9;62;42;55;65;9,7;4,3;
2023/03/19;2100 UTC;0;931,3;931,3;931,1;267,3;26;17,5;26,3;25,5;17,8;15,9;60;55;59;97;9,5;1;
2023/03/19;2200 UTC;0;932,3;932,3;931,3;20,6;25,2;18,1;26,1;24,8;18,3;17,5;67;59;65;72;4,5;2,6;
2023/03/19;2300 UTC;0;933,2;933,2;932,3;;24,7;18,4;25,4;24,7;18,6;18;69;64;68;23;6,1;2,6;
2023/03/20;0000 UTC;0;934;934;933,2;;24;17,7;24,8;24;18,5;17,6;69;67;68;4;6,1;2,1;
2023/03/20;0100 UTC;0;934,8;934,8;934;;24,1;17,2;24,3;24;17,7;17,2;68;65;65;8;3,6;1,6;
2023/03/20;0200 UTC;0;934,4;934,9;934,4;;23,8;17,1;24,2;23,8;17,6;17;68;65;66;347;3,7;2,1;
2023/03/20;0300 UTC;0;934,2;934,4;934,2;;22,6;17,6;23,8;22,6;17,7;17,2;73;66;73;37;3,7;,8;
2023/03/20;0400 UTC;0;934;934,3;934;;22,6;17,9;23,2;22,4;17,9;17,6;75;71;75;12;4,9;,8;
2023/03/20;0500 UTC;0;934,1;934,1;934;;22,1;17,5;22,9;21,6;18,1;17,1;79;71;75;19;4,8;2,3;
2023/03/20;0600 UTC;2,2;933,6;934,1;933,6;;20,8;18,7;22,2;20,6;18,7;17,4;88;75;88;276;4,1;1,3;
2023/03/20;0700 UTC;,2;933,1;933,6;933,1;;20,4;18,2;20,8;20,2;18,8;18;90;86;87;234;3,4;1,7;
2023/03/20;0800 UTC;0;933,1;933,1;933;;19,8;18,1;20,5;19,7;18,4;17,9;90;87;90;201;3,5;1,4;
2023/03/20;0900 UTC;0;933,6;933,6;933,1;;20,6;18,4;20,6;19,8;18,5;18,1;90;87;87;319;2,7;1,3;
2023/03/20;1000 UTC;0;934,1;934,1;933,6;76,7;20,3;18,2;20,8;19,7;18,4;18;90;86;88;203;2,7;1,3;
2023/03/20;1100 UTC;0;935;935;934,1;763,2;22,3;18,8;22,8;20,3;19,3;18,2;88;78;81;141;3,3;1,8;
2023/03/20;1200 UTC;0;935,6;935,6;935;1006,5;23,8;18,2;23,9;22,3;19,3;18,2;82;71;71;86;3,3;1;
2023/03/20;1300 UTC;0;935,6;935,7;935,6;783,2;24;18,8;24,3;23,6;19,2;18,3;75;71;73;115;2,2;,6;
2023/03/20;1400 UTC;0;935,7;935,7;935,6;425,4;24;19,4;24,1;23,7;20;18,8;79;73;76;110;3,7;2,2;
2023/03/20;1500 UTC;0;935,6;935,7;935,5;547,3;24,3;19,9;24,3;24;19,9;19,3;77;74;76;125;3,7;1,4;
2023/03/20;1600 UTC;0;934,9;935,6;934,9;743,6;24,9;20,1;24,9;24,3;20,1;19,2;76;72;75;113;3,6;2,3;
2023/03/20;1700 UTC;0;933,9;934,9;933,9;952,8;25,1;19,5;25,1;24,7;20,2;18,9;75;69;71;97;5;2,5;
2023/03/20;1800 UTC;0;932,6;933,9;932,6;2382,5;27,4;19,6;27,4;25,1;20,7;18,6;72;61;63;82;5,5;3,2;
2023/03/20;1900 UTC;0;931,7;932,6;931,7;2184,9;26,3;18,6;27,8;26,3;20,1;18,6;64;59;63;92;6,5;3;
2023/03/20;2000 UTC;0;931,6;931,7;931,4;908,4;25,5;19;26,6;25,5;19,5;18,3;67;62;67;101;6,1;3,5;
2023/03/20;2100 UTC;0;932,1;932,1;931,6;286,9;24,6;18,5;25,5;24,6;18,9;18,5;69;66;68;79;5,7;2,3;
2023/03/20;2200 UTC;0;932,3;932,3;932;4,2;23,8;19;24,6;23,6;19;18,4;76;68;75;92;3,8;1;
2023/03/20;2300 UTC;0;933,4;933,4;932,3;;23,2;19;24;23,1;19,2;18,8;78;73;77;241;2,1;,5;
2023/03/21;0000 UTC;0;934,2;934,2;933,3;;23,4;18,2;23,6;23,2;19,1;18,2;77;73;73;334;1,2;,3;
2023/03/21;0100 UTC;0;935,1;935,1;934,2;;23,3;19,1;24;23;19,1;18,2;78;71;77;340;1,8;,6;
2023/03/21;0200 UTC;0;935,1;935,3;935,1;;22,5;19,1;23,3;21,7;19,4;18,6;84;76;81;218;2,6;,7;
2023/03/21;0300 UTC;0;934,7;935,1;934,7;;22,9;19,1;22,9;22,1;19,6;17,9;85;74;79;276;1,9;,9;
2023/03/21;0400 UTC;0;934,3;934,7;934,3;;21,7;18,7;23;21,6;19,4;18,5;87;78;83;207;2,4;1,1;
2023/03/21;0500 UTC;0;934,1;934,3;934,1;;21,8;18,3;21,9;21,3;18,8;18,3;85;81;81;206;1,9;1,2;
2023/03/21;0600 UTC;0;933,8;934,1;933,8;;21,7;18,1;21,8;21,3;18,4;18,1;83;80;80;206;3,4;1,3;
2023/03/21;0700 UTC;0;933,4;933,8;933,4;;21,6;18,3;21,7;21,5;18,3;18;81;80;81;217;2,8;1,2;
2023/03/21;0800 UTC;0;933,4;933,4;933,3;;21,7;18;21,7;21,1;18,3;18;83;80;80;201;2,6;1;
2023/03/21;0900 UTC;0;933,7;933,7;933,4;;21;17,6;21,7;20,9;18;17,6;82;80;81;232;2,4;1,5;
2023/03/21;1000 UTC;0;934,3;934,3;933,7;128,5;21,6;17,8;21,6;20,9;17,8;17,5;82;79;79;214;2,6;1,1;
2023/03/21;1100 UTC;0;935,1;935,1;934,3;691,4;23,4;18,9;23,4;21,6;19;17,8;80;76;76;137;5,4;2,5;
2023/03/21;1200 UTC;0;935,8;935,8;935,1;1486;26;19,5;26;23,4;19,5;18,5;77;64;67;113;5,8;3,2;
2023/03/21;1300 UTC;0;935,9;936,1;935,8;2705,5;26,8;18,1;27,1;25,9;19,7;17,6;67;57;59;53;8,6;4,7;
2023/03/21;1400 UTC;0;935,6;935,9;935,6;3120,9;27,8;17;28,7;26,8;19,1;17;59;51;52;68;8,6;5,5;
2023/03/21;1500 UTC;0;935,1;935,6;935,1;3247,2;29;17,9;29,2;27,6;18,7;17;57;49;51;55;8,6;3,8;
2023/03/21;1600 UTC;0;934,3;935,1;934,2;2993,2;29,5;18;29,9;28,6;18,8;17;53;47;50;87;7,8;3,8;
2023/03/21;1700 UTC;0;933,1;934,3;933,1;2679,2;30,7;18;30,7;28,9;18,7;16,7;53;45;47;114;8;3,8;
2023/03/21;1800 UTC;0;932,2;933,1;932,2;2173,3;30,2;17,1;30,7;29,6;18,3;15,9;49;43;45;95;6,8;3,4;
2023/03/21;1900 UTC;0;931,4;932,2;931,4;2498,1;30,9;16;31,7;30,2;18,1;15,8;46;39;41;103;6,9;3,1;
2023/03/21;2000 UTC;0;931,8;931,8;931,4;1039,1;29,3;15,5;30,9;29,1;16,3;14,9;46;38;43;77;7,8;2,9;
2023/03/21;2100 UTC;0;932,4;932,4;931,8;391,7;28,4;15,8;29,3;28,4;17;15,4;49;43;46;76;5,5;2,5;
2023/03/21;2200 UTC;0;932,7;932,7;932,4;11,5;27;17,1;28,4;26,8;17,4;15,5;56;46;55;87;3,7;1;
2023/03/21;2300 UTC;0;933,7;933,7;932,7;;25,3;17,5;27,1;25,3;18,1;17;62;55;62;334;9,2;3,6;
2023/03/22;0000 UTC;0;934,6;934,6;933,7;;23,9;17,6;25,3;23,9;17,9;17,2;68;61;68;243;6,9;1,8;
2023/03/22;0100 UTC;0;934,9;934,9;934,6;;22;17,7;23,9;22;17,9;17,5;77;68;77;238;3,1;2;
2023/03/22;0200 UTC;0;935;935,1;934,9;;22,1;17,5;22,4;21,6;17,9;17,5;78;75;75;267;3,7;1,5;
2023/03/22;0300 UTC;0;934,8;935;934,8;;21,6;17,2;22,1;21,3;17,5;17,2;78;75;76;251;3,3;2;
2023/03/22;0400 UTC;0;934,7;934,8;934,6;;21,7;17,2;21,8;21,5;17,3;17,1;76;75;75;211;4,4;1,5;
2023/03/22;0500 UTC;0;934,3;934,7;934,3;;21,4;17,4;21,9;21,4;17,4;17;78;74;78;262;3,4;,9;
2023/03/22;0600 UTC;0;934,4;934,4;934,2;;20,5;17,4;22;20,5;17,6;17,2;82;76;82;121;3,1;1,4;
2023/03/22;0700 UTC;0;934,7;934,7;934,4;;20,9;17,6;21,2;20,4;17,9;17,4;84;80;81;252;2,8;1,3;
2023/03/22;0800 UTC;0;935,2;935,2;934,7;;20,7;17,8;21,2;20,2;17,9;17,6;85;80;83;319;2,3;1,4;
2023/03/22;0900 UTC;0;935,3;935,3;935,1;;19,8;17,3;20,8;19,7;17,9;17,3;88;83;86;222;2,3;,7;
2023/03/22;1000 UTC;0;935,9;935,9;935,3;144,3;21,3;17,9;21,3;19,4;18;17,2;88;81;81;243;1,7;,6;
2023/03/22;1100 UTC;0;936,5;936,5;935,9;858,1;23,5;17,2;24;21;18,4;17,2;83;67;68;174;2,2;1,2;
2023/03/22;1200 UTC;0;937,3;937,4;936,5;1597,5;25,6;18,5;25,8;23,3;19,2;17,3;71;64;65;105;3,4;2;
2023/03/22;1300 UTC;0;937,5;937,5;937,3;2497,1;26,3;18;26,7;25,6;19;17,2;66;58;60;29;6,5;3,5;
2023/03/22;1400 UTC;0;937,3;937,5;937,3;2490,9;27,4;18,7;27,4;26,2;18,9;17,3;61;56;59;31;7,5;4,3;
2023/03/22;1500 UTC;0;936,6;937,3;936,6;3419,5;28,4;18,5;28,9;27,2;19,1;17,4;59;51;55;34;8,3;3,7;
2023/03/22;1600 UTC;0;935,6;936,6;935,6;3368,6;28,8;17;30,5;28,1;19,3;16,6;57;46;49;59;8,3;3,6;
2023/03/22;1700 UTC;0;934,5;935,6;934,5;2500,1;29,2;17,5;30,5;28,7;19,4;16,6;55;45;49;111;7,4;2,9;
2023/03/22;1800 UTC;0;933,4;934,5;933,4;2192,6;30,8;16,7;31,2;28,7;19,1;16,3;52;42;43;32;5,8;2,7;
2023/03/22;1900 UTC;0;933;933,5;933;2304,5;31,5;16,7;31,7;30;18,3;15,4;48;40;41;102;6,6;2,3;
2023/03/22;2000 UTC;0;932,5;933;932,5;663,4;28,5;17,8;31,8;28,5;18,2;16,9;52;41;52;20;6,2;2,2;
2023/03/22;2100 UTC;0;932,3;932,5;932,3;409,9;28,5;16,9;29,3;28,5;18,4;16,5;53;46;49;67;4,6;2,5;
2023/03/22;2200 UTC;0;932,9;932,9;932,3;9,7;26,8;17,9;28,5;26,8;18,1;16,7;59;49;58;152;4,5;,8;
2023/03/22;2300 UTC;0;933,6;933,6;932,9;;25,5;18,1;26,8;25,3;18,5;17,8;65;58;64;219;1,6;,9;
2023/03/23;0000 UTC;0;934,4;934,4;933,6;;23,7;18,4;25,5;23,6;18,5;17,8;72;63;72;230;1,9;1,5;
2023/03/23;0100 UTC;0;935;935;934,4;;24,4;17,4;24,9;23,5;18,5;17,1;72;62;65;248;3,4;,4;
2023/03/23;0200 UTC;0;935,2;935,2;935;;23,5;17,6;24,4;23,4;19;17,5;75;65;70;244;2;,8;
2023/03/23;0300 UTC;0;935,2;935,3;935,2;;23,4;17,7;23,8;21,9;17,7;16,9;75;66;70;317;2,5;1,2;
2023/03/23;0400 UTC;0;935,1;935,2;935,1;;21,9;17,1;23,5;21,6;18,2;17,1;77;70;74;237;2,6;2,2;
2023/03/23;0500 UTC;0;934,5;935,1;934,5;;22,9;16,7;23,1;21,9;17,2;16,7;74;68;68;240;3,1;2,4;
2023/03/23;0600 UTC;0;934,6;934,7;934,5;;22,5;17,7;23,6;22,4;17,7;16,6;74;66;74;285;3,2;,4;
2023/03/23;0700 UTC;0;934,7;934,8;934,4;;21,4;17,6;22,6;21,3;17,8;17;79;72;79;7;4,1;2,6;
2023/03/23;0800 UTC;0;934,9;934,9;934,6;;21,4;17,9;21,6;21,2;18;17,5;81;78;81;358;5,1;2,1;
2023/03/23;0900 UTC;0;935,4;935,4;934,9;;20,4;18,1;21,5;19,8;18,2;16,9;88;80;87;49;3,1;1,1;
2023/03/23;1000 UTC;0;936,2;936,2;935,4;34,7;20,4;18,1;20,9;20;18,4;17,7;88;85;87;236;2,6;1,5;
2023/03/23;1100 UTC;0;936,8;936,8;936,2;314,6;22,1;18,4;22,7;20,4;18,8;18,1;87;77;79;104;3,6;1,4;
2023/03/23;1200 UTC;0;937,3;937,3;936,8;622,2;23,7;19,1;23,7;22,1;19,1;18,1;80;73;75;133;2,4;,9;
2023/03/23;1300 UTC;0;937,8;937,8;937,3;1838,5;25,3;19;26,1;23,4;19,8;18,6;76;65;68;104;5,6;3,4;
2023/03/23;1400 UTC;0;937,7;937,9;937,7;1070,3;24,2;19,3;25,3;23,9;20,4;19,1;80;68;74;103;6,4;1,7;
2023/03/23;1500 UTC;0;937;937,7;937;2633;26,9;19,4;27,4;24,2;20,4;18,3;76;60;64;62;6,2;2,8;
2023/03/23;1600 UTC;0;935,8;937;935,8;3620;28,5;19,4;29;26,6;19,8;18,4;65;55;58;51;6,5;2,9;
2023/03/23;1700 UTC;0;935;935,9;935;2670,9;29,3;19;29,7;27,5;20,2;18,2;60;51;54;67;7,8;3,3;
2023/03/23;1800 UTC;0;933,9;935;933,9;2722,9;31;18,4;31;29;19,6;17,6;55;47;47;110;8;3,3;
2023/03/23;1900 UTC;0;933,2;933,9;933,2;1902,3;30;17,8;30,9;28,6;18,6;16,7;53;44;48;39;6,5;2,4;
2023/03/23;2000 UTC;0;933;933,2;933;1039,6;28,8;16,1;30,5;28,6;18;16;48;42;46;77;6,7;3,4;
2023/03/23;2100 UTC;0;932,9;933,1;932,9;423,3;27,7;16,4;29,6;27,7;17,1;16;52;45;50;98;5,5;2,1;
2023/03/23;2200 UTC;0;933,2;933,2;932,9;9,3;25,6;17,4;27,8;25,6;17,8;16,4;61;50;61;93;3,9;1,6;
2023/03/23;2300 UTC;0;933,7;933,7;933,2;;25,5;17,1;25,8;25,5;17,8;17,1;61;59;60;112;3,1;1;
2023/03/24;0000 UTC;0;934,5;934,5;933,7;;23,8;17,2;25,5;23,8;17,9;17;67;59;66;226;1,7;,7;
2023/03/24;0100 UTC;0;935;935;934,5;;23,9;17,1;24,4;23,1;17,6;17;70;64;66;226;1,8;,6;
2023/03/24;0200 UTC;0;935,3;935,3;935;;23,9;17,4;24,2;22,7;17,9;16,9;72;65;67;235;1,7;1;
2023/03/24;0300 UTC;0;935,2;935,4;935,2;;23;18,1;24,2;22,9;18,4;17,3;75;66;74;233;1,6;,9;
2023/03/24;0400 UTC;0;935;935,2;935;;22,7;17,8;23,9;22,5;18,3;17,7;76;70;74;223;2,7;1,7;
2023/03/24;0500 UTC;0;934,6;935;934,6;;22;17,8;22,7;21,2;18,2;17,5;81;74;77;228;2,7;,6;
2023/03/24;0600 UTC;0;934,6;934,6;934,2;;21,1;17,5;22,4;21,1;17,8;17,2;80;74;80;26;3,2;1,4;
2023/03/24;0700 UTC;0;934,5;934,7;934,4;;21,4;18,1;22,3;21,1;18,3;17,8;82;76;82;256;3;,5;
2023/03/24;0800 UTC;0;934,6;934,6;934,3;;21,9;17,8;21,9;20,5;18,2;17,4;83;77;77;227;2,7;1;
2023/03/24;0900 UTC;0;935,2;935,2;934,6;;21;18,6;22;21;19,1;17,7;87;77;86;243;1,7;,9;
2023/03/24;1000 UTC;0;935,7;935,7;935,2;102,8;21,8;17,9;22,1;20,7;18,7;17,8;87;77;78;186;2,3;1,2;
2023/03/24;1100 UTC;0;936,1;936,1;935,7;969,5;25,1;17;25,2;21,8;18,6;17;78;60;61;90;5,3;2,7;
2023/03/24;1200 UTC;0;936,8;936,8;936,1;1776,2;26,5;16,1;26,5;24,9;17,1;16;61;53;53;82;6,6;4,4;
2023/03/24;1300 UTC;0;937;937,1;936,8;2565,7;27,2;17,2;27,2;25,9;17,2;15,1;55;50;54;55;7,1;3,7;
2023/03/24;1400 UTC;0;936,7;937,1;936,7;3155,5;28;18,2;28,1;26,3;18,2;16,2;56;50;55;59;7,8;3,3;
2023/03/24;1500 UTC;0;935,9;936,8;935,9;3191,7;28,4;16,9;29,4;27,5;18,2;15,9;55;47;50;78;7,9;2,3;
2023/03/24;1600 UTC;0;935,1;935,9;935,1;3055,3;29,7;17,7;29,7;27,9;17,9;15,5;52;45;48;65;8,6;3,7;
2023/03/24;1700 UTC;0;934,2;935,1;934,2;3161,9;30,3;16,3;30,9;29;18,1;15;50;40;43;81;7,7;2,7;
2023/03/24;1800 UTC;0;933,5;934,2;933,5;1692,7;30,4;15,1;30,9;29;17;15,1;46;39;40;88;7,9;2,4;
2023/03/24;1900 UTC;0;933,1;933,5;933,1;2275,3;30,4;13,7;31,5;29,8;16,8;13,7;43;35;36;100;5,5;1,8;
2023/03/24;2000 UTC;0;932,7;933,1;932,7;1249,6;29,9;14,4;31;29,8;15,9;13,5;42;36;39;116;5,1;2,3;
2023/03/24;2100 UTC;0;932,4;932,7;932,4;466;28;15,7;30;28;15,8;14,1;47;38;47;141;4,1;1,2;
2023/03/24;2200 UTC;0;932,2;932,4;932,2;8,2;26,8;16,1;28;26,8;16,1;15,7;52;47;52;162;2,1;,7;
2023/03/24;2300 UTC;0;932,7;932,7;932,2;;24,5;16,3;26,8;24,5;17,3;16,1;62;52;60;216;1,5;1;
2023/03/25;0000 UTC;0;933,4;933,4;932,7;;23,7;17,2;25,6;23,7;17,2;15,5;67;56;67;9;1,5;,6;
2023/03/25;0100 UTC;0;934;934;933,4;;23,7;17,3;24,2;22,7;17,5;16,8;70;64;67;12;2;,9;
2023/03/25;0200 UTC;0;934,1;934,1;934;;23,1;16,3;23,7;22,5;17,2;16,2;70;65;65;237;1,2;,6;
2023/03/25;0300 UTC;0;934,1;934,3;934,1;;22,1;16,9;23,2;22,1;17;16,1;73;64;73;19;1,1;,7;
2023/03/25;0400 UTC;0;934,1;934,1;934;;21,7;15,7;22,1;21;17,1;15,5;75;67;68;239;2,5;,8;
2023/03/25;0500 UTC;0;933,6;934,1;933,6;;20,3;15,3;21,7;20,3;15,6;15;73;68;73;222;2,7;,4;
2023/03/25;0600 UTC;0;933,5;933,6;933,2;;20,1;15,6;21,2;20,1;15,6;15;75;70;75;17;5;1,5;
2023/03/25;0700 UTC;0;933,6;933,6;933,4;;18,9;15,1;20,6;18,9;15,8;15,1;79;73;79;260;6,4;,7;
2023/03/25;0800 UTC;0;933,6;933,6;933,5;;18,7;15,5;19,9;18;15,8;14,8;83;77;81;76;2;,2;
2023/03/25;0900 UTC;0;934;934;933,6;;18,6;15;19,5;18,6;15,5;15;81;78;80;245;1,6;1;
2023/03/25;1000 UTC;0;934,5;934,5;934;91,7;20,2;15,9;20,2;18,5;15,9;14,9;80;76;77;8;1,6;,6;
2023/03/25;1100 UTC;0;935,4;935,4;934,5;886;23,4;17;23,4;20,2;17,1;15,5;77;65;67;152;1,3;,6;
2023/03/25;1200 UTC;0;935,9;935,9;935,4;1799,8;26,2;15,2;26,4;23,4;17,1;14,5;67;48;51;107;3,3;1,7;
2023/03/25;1300 UTC;0;936,3;936,3;935,9;2600,7;27,2;14,1;27,5;26;15,4;13,2;51;42;44;42;5,4;2,5;
2023/03/25;1400 UTC;0;935,9;936,3;935,9;3191,3;28,6;14,3;28,6;27,2;15;13,3;46;40;42;56;5,9;2,9;
2023/03/25;1500 UTC;0;935,2;935,9;935,2;3563,4;29,5;13,4;29,7;28;15,3;13,1;44;37;38;38;6,1;2,1;
2023/03/25;1600 UTC;0;934,5;935,2;934,5;3646,9;30,6;12,6;31,5;29,2;15,8;12,3;41;33;33;101;6,4;2,9;
2023/03/25;1700 UTC;0;933,6;934,5;933,6;3441,2;30,9;13,1;31,7;30,3;16,5;12,4;41;32;34;76;6,3;2,4;
2023/03/25;1800 UTC;0;933,1;933,6;933,1;2903,1;31,7;12,8;32,4;30,4;15,2;11,8;39;29;32;92;6,5;2,8;
2023/03/25;1900 UTC;0;932,6;933,1;932,6;2321,6;31,1;13,5;32,3;31;15,4;11,5;37;29;34;67;6,1;1,4;
2023/03/25;2000 UTC;0;932,5;932,6;932,5;1413,8;31;13,5;31,7;30,9;14;12;35;31;34;130;4,9;1,9;
2023/03/25;2100 UTC;0;932,6;932,6;932,5;459,4;28,6;14,7;31;28,5;14,7;12,4;43;33;43;150;4;1,6;
2023/03/25;2200 UTC;0;932,7;932,8;932,6;7,3;26,6;14,4;28,6;26,6;15,8;14,1;50;42;47;254;2,6;1,7;
2023/03/25;2300 UTC;0;933,1;933,1;932,7;;24,8;16,7;26,9;24,8;16,7;14,1;61;46;61;10;2,1;,7;
2023/03/26;0000 UTC;0;933,8;933,8;933,1;;24,4;15,5;25,2;24,4;16,9;15;61;54;58;285;1,4;,3;
2023/03/26;0100 UTC;0;934,1;934,1;933,8;;23,1;15,9;24,4;23,1;16,4;14,9;65;56;64;247;1,5;,4;
2023/03/26;0200 UTC;0;934,3;934,3;934,1;;23;16,3;23,7;22,8;16,8;15,8;67;64;66;10;1,1;,2;
2023/03/26;0300 UTC;0;934,3;934,3;934,2;;22,6;15,2;23;21,9;16,4;15,2;69;63;63;198;1,7;,8;
2023/03/26;0400 UTC;0;934,3;934,6;934,3;;23,1;13,8;23,3;22,5;14,8;13,7;63;56;56;241;3,1;1,8;
2023/03/26;0500 UTC;0;933,9;934,3;933,9;;21,5;15,1;23,1;21,5;15,5;13,8;67;56;67;226;2,5;,6;
2023/03/26;0600 UTC;0;933,6;933,9;933,6;;20,3;15,1;21,8;19,7;15,4;14,3;74;62;72;231;2,7;1,1;
2023/03/26;0700 UTC;0;933,4;933,6;933,4;;20,4;14,5;21,8;19,9;15,2;14,1;72;63;69;234;3;1,1;
2023/03/26;0800 UTC;0;934,2;934,2;933,4;;20,2;14,8;21,2;18,8;15,2;14,1;77;64;71;224;3,4;1,5;
2023/03/26;0900 UTC;0;934,7;934,7;934,1;;19;14,7;20,4;19;14,7;14,2;76;69;76;24;3,5;1,1;
2023/03/26;1000 UTC;0;935,4;935,4;934,7;88,4;20,3;15,3;20,3;18,9;15,3;14,5;77;71;73;312;1,6;,7;
2023/03/26;1100 UTC;0;936,3;936,3;935,4;883,4;23,9;15,4;24;20,3;16;15,2;73;59;59;212;1,4;,9;
2023/03/26;1200 UTC;0;936,4;936,4;936,3;1798,3;27;16,4;27,1;23,9;16,7;14,7;60;50;52;82;5,7;2,5;
2023/03/26;1300 UTC;0;936,5;936,6;936,4;2609,9;27,9;16,2;28,1;27;16,6;15,3;52;47;49;57;8,8;5,5;
2023/03/26;1400 UTC;0;936,3;936,7;936,3;3185,6;28,6;16;29,2;27,9;17;15,8;51;46;46;17;9,5;5,5;
2023/03/26;1500 UTC;0;935,5;936,4;935,5;3534,1;29,9;16,4;30;28,3;17,2;15,6;49;42;44;20;9,5;4,6;
2023/03/26;1600 UTC;0;934,7;935,5;934,7;3625,7;30,5;15,4;31,4;29,4;17,4;14,9;45;38;40;34;7,6;3,4;
2023/03/26;1700 UTC;0;933,8;934,7;933,8;3387;31,5;13,9;32,4;30,4;17,1;13,9;42;33;34;76;7;2,5;
2023/03/26;1800 UTC;0;933,2;933,8;933,2;2571,5;32,3;14,1;32,8;30,9;16,1;12,3;40;30;33;115;6,1;2,8;
2023/03/26;1900 UTC;0;932,5;933,2;932,5;2155;32,4;13,2;32,7;31,4;14,9;11,9;35;29;31;133;5,4;1,9;
2023/03/26;2000 UTC;0;932,2;932,5;932,1;1390,1;31,6;13,3;32,4;31,4;13,9;12;34;30;33;129;3,8;2;
2023/03/26;2100 UTC;0;932,2;932,3;932,2;453,7;29,4;14,7;31,6;29,4;14,8;12,5;41;32;41;151;3,3;1;
2023/03/26;2200 UTC;0;932,3;932,4;932,2;6,2;26,7;14,8;29,5;26,7;16,6;14,4;52;40;48;223;2,3;1,7;
2023/03/26;2300 UTC;0;932,9;932,9;932,3;;26,2;14,2;26,7;25,9;14,9;14,2;50;48;48;242;2,3;,6;
2023/03/27;0000 UTC;0;933,5;933,5;932,9;;25;15,2;26,4;25;15,5;14,2;56;48;54;302;1,5;,6;
2023/03/27;0100 UTC;0;933,8;933,8;933,5;;24,4;15,5;25,1;24,4;16,6;15,3;60;54;57;271;1,4;,6;
2023/03/27;0200 UTC;0;933,9;934;933,8;;23,6;16,6;24,9;23,6;16,6;14,7;65;54;65;345;1,7;1,2;
2023/03/27;0300 UTC;0;934;934,1;933,9;;21,4;15,5;25,2;21,3;16,8;13,6;69;49;69;23;3,4;1,3;
2023/03/27;0400 UTC;0;934,2;934,3;933,9;;21,4;15;22,4;20,6;16;14,9;70;64;67;227;3,4;2;
2023/03/27;0500 UTC;0;933,5;934,2;933,5;;23,3;14,5;23,3;21,4;15,3;14,4;67;58;58;246;3,2;1,7;
2023/03/27;0600 UTC;0;932,7;933,5;932,7;;22,6;14,8;23,6;21,7;15,2;13,9;66;55;62;221;2,7;1,1;
2023/03/27;0700 UTC;0;932,5;932,7;932,5;;21,9;14,5;23,2;20,6;15;14,1;70;57;63;234;3,8;2,6;
2023/03/27;0800 UTC;0;932,6;932,6;932,5;;21,3;14,6;22;19,3;15,2;14,2;74;63;66;243;3,8;1;
2023/03/27;0900 UTC;0;933,4;933,4;932,6;;20,8;15,3;21,3;20,2;15,7;14,5;74;66;71;311;1,9;,7;
2023/03/27;1000 UTC;0;934;934;933,4;81,5;20,8;16,1;20,8;20,2;16,1;15;75;71;75;39;2;1,2;
2023/03/27;1100 UTC;0;934,6;934,6;934;856,5;25,1;15,9;25,1;20,8;16,5;15,1;75;55;57;20;2;,9;
2023/03/27;1200 UTC;0;935,1;935,1;934,6;1762,3;27,4;15,7;27,6;25;17,7;15,3;58;49;49;69;5,3;2,9;
2023/03/27;1300 UTC;0;935;935,2;935;2571,4;28,3;16,5;28,8;27,2;17;15,2;51;45;49;43;6,4;3,9;
2023/03/27;1400 UTC;0;934,8;935,1;934,8;3166;29,3;17;29,4;28,2;17,4;15,8;50;45;47;45;7,7;4,1;
2023/03/27;1500 UTC;0;934;934,8;934;3513,3;30,1;16,5;30,5;29;18,2;16,3;50;44;44;28;7,1;2,5;
2023/03/27;1600 UTC;0;933,1;934;933,1;3603,8;31,7;16,7;31,8;29,9;18,1;15,7;49;39;41;85;7,1;3,1;
2023/03/27;1700 UTC;0;932;933,1;932;3335;32,3;16,7;32,4;30,9;17,8;15,2;45;37;39;79;7,2;2;
2023/03/27;1800 UTC;0;931,3;932;931,3;2848,1;33;15,2;33,2;30,9;16,9;14,4;40;34;34;115;6,3;3,5;
2023/03/27;1900 UTC;0;930,9;931,3;930,8;2029,2;32,7;15,4;33,2;31,5;16,2;13,4;37;32;35;137;5,8;2,3;
2023/03/27;2000 UTC;0;930,9;930,9;930,9;1364,2;32,2;13,9;33;31,9;15,5;13,1;35;31;33;136;5,3;2,3;
2023/03/27;2100 UTC;0;930,9;930,9;930,9;447,1;29,9;14,6;32,2;29,8;15,5;14,1;41;33;39;112;4;1;
2023/03/27;2200 UTC;0;931,2;931,2;930,9;5;28;17,1;30;27,8;17,3;14,3;52;38;51;183;1,5;,6;
2023/03/27;2300 UTC;0;931,9;931,9;931,2;;27;15,4;28;26;17,3;15,2;58;49;49;256;2,1;1,6;
2023/03/28;0000 UTC;0;932,3;932,4;931,9;;25,3;17,4;27,1;25,3;17,6;15,2;62;48;62;4;2,1;,5;
2023/03/28;0100 UTC;0;933;933;932,3;;24,7;16,4;25,3;24,1;17,7;16,4;66;60;60;238;1,7;1,2;
2023/03/28;0200 UTC;0;933,2;933,2;933;;23,7;17;24,9;23,7;17;15,7;66;58;66;342;1,7;,5;
2023/03/28;0300 UTC;0;933;933,3;933;;23,1;17,3;24;23;17,5;16,9;70;66;70;317;1,1;,1;
2023/03/28;0400 UTC;0;932,8;933;932,8;;23,5;15,9;23,8;22,8;17,4;15,7;71;61;62;194;2,3;1,2;
2023/03/28;0500 UTC;0;932,7;932,8;932,6;;23,6;15,8;23,9;23,1;16;15,7;64;60;62;232;2,4;1;
2023/03/28;0600 UTC;0;932,4;932,7;932,4;;22,7;15,9;23,6;22,7;16,8;15,6;69;62;66;220;1,9;1,2;
2023/03/28;0700 UTC;0;932,7;932,8;932,4;;21,2;16,6;23,1;20,4;17,1;15,9;79;65;75;242;3,2;1,2;
2023/03/28;0800 UTC;0;932,8;932,8;932,6;;22,4;17,1;22,4;21,2;17,3;16,6;77;71;72;259;2;,8;
2023/03/28;0900 UTC;0;933,5;933,5;932,8;;21,5;16,5;22,6;21,5;17,4;16,5;75;70;73;229;2,6;2;
2023/03/28;1000 UTC;0;934,1;934,1;933,5;94;22;16,6;22,8;21;17,1;15,7;77;65;71;98;2,7;,2;
2023/03/28;1100 UTC;0;934,6;934,6;934,1;500,9;24,5;17,6;24,6;22;18,6;16,8;76;64;65;77;2,2;,9;
2023/03/28;1200 UTC;0;935,4;935,4;934,6;1292,3;26,6;17,5;26,8;24,4;18,1;16,8;68;57;57;87;4,9;3,1;
2023/03/28;1300 UTC;0;935,2;935,4;935,2;2108,7;27,9;17,8;27,9;26,4;18,6;17,3;60;54;54;47;7,8;4,8;
2023/03/28;1400 UTC;0;934,9;935,2;934,9;2029,5;27,3;18,3;28,5;27;18,5;17,5;58;53;58;29;9,5;5,4;
2023/03/28;1500 UTC;0;934,3;934,9;934,3;1776,6;27,8;18,4;28,1;27;18,9;17,9;59;55;56;38;9;4,2;
2023/03/28;1600 UTC;0;933,7;934,3;933,7;2345,7;29,5;19;29,8;27,8;19,3;17,7;58;51;54;93;7,5;3,1;
2023/03/28;1700 UTC;0;933,1;933,7;933,1;2596,2;29,4;17,4;30,4;29,3;19,4;17,3;54;47;48;55;6,5;2,2;
2023/03/28;1800 UTC;0;932,2;933,1;932,2;3122,3;30,5;16,5;32;29,4;18,9;15,7;51;40;43;104;6,5;2,6;
2023/03/28;1900 UTC;0;931,8;932,2;931,8;1912,4;29,9;16,2;32;29,9;17,7;15,7;45;39;44;95;5,3;2,5;
2023/03/28;2000 UTC;0;931,9;931,9;931,7;988,4;29,1;18;31,9;29,1;18,2;16,6;52;41;51;134;6,5;1,4;
2023/03/28;2100 UTC;0;932,1;932,1;931,9;296,5;27,6;18,7;29,8;27,6;18,9;17,9;59;50;59;110;4;1,1;
2023/03/28;2200 UTC;0;932,3;932,3;932,1;,7;25,9;19,1;27,6;25,9;19,2;18,7;66;59;66;119;2;1,4;
2023/03/28;2300 UTC;0;932,8;932,8;932,3;;25,2;18,6;25,9;25;19,4;18,6;70;66;67;120;2,1;1,3;
2023/03/29;0000 UTC;0;933,5;933,5;932,8;;24,4;18,8;25,5;24;19;18,5;72;67;71;253;2;,9;
2023/03/29;0100 UTC;0;933,6;933,7;933,5;;23,3;18,9;25,1;22,6;19;18,2;77;68;76;238;2,1;1,5;
2023/03/29;0200 UTC;0;933,8;933,8;933,6;;23,8;18,6;24,4;23,3;19;18,5;76;70;73;228;2,1;1,2;
2023/03/29;0300 UTC;0;933,7;933,8;933,6;;23,8;18,7;24,6;23,1;18,7;18,3;76;68;73;275;1,7;,4;
2023/03/29;0400 UTC;0;933,6;933,7;933,5;;23,7;18,4;24;23,3;19;18,3;75;71;72;221;2;1,4;
2023/03/29;0500 UTC;0;933,4;933,6;933,3;;23,3;18,8;23,7;23,2;18,8;18,4;76;72;76;9;1,7;,5;
2023/03/29;0600 UTC;0;933,3;933,4;933,1;;22,2;18,2;23,3;22,2;18,8;18,1;80;76;78;90;3;1,7;
2023/03/29;0700 UTC;0;933,3;933,3;933,1;;22,5;17;22,5;21,7;18,2;17;79;71;71;84;5;3,1;
2023/03/29;0800 UTC;0;933,8;933,8;933,3;;21,6;16,7;22,5;21,6;17;16,6;73;70;73;93;5;1,4;
2023/03/29;0900 UTC;0;934,4;934,4;933,8;;21,1;16,8;22,3;21,1;16,9;16,7;76;71;76;99;2,9;1,1;
2023/03/29;1000 UTC;0;935;935;934,4;81,1;20,3;16,9;21,1;20,2;17,1;16,7;81;77;81;94;2,7;1,5;
2023/03/29;1100 UTC;0;935,5;935,6;935;800,3;24,5;16;24,5;20,3;17,6;16;81;59;59;46;5,2;2,8;
2023/03/29;1200 UTC;0;936;936;935,5;1805,3;26;15,6;26,3;24,3;16,6;15,3;60;52;53;53;8,4;4,9;
2023/03/29;1300 UTC;0;936,2;936,3;936;2550,8;26,1;15,1;27,2;25,7;16;15;54;48;51;33;11,6;5,8;
2023/03/29;1400 UTC;0;935,8;936,3;935,8;2370,2;27,4;15,6;27,6;26;16,3;15;52;48;48;25;9,6;5,3;
2023/03/29;1500 UTC;0;935,2;935,8;935,2;3218,4;29,8;14,8;29,9;27,4;16;14,3;49;40;40;89;8,8;4,5;
2023/03/29;1600 UTC;0;934,3;935,2;934,3;3561,6;30,7;15,3;31;29;15,3;13,7;41;36;39;54;8,7;3,3;
2023/03/29;1700 UTC;0;933,5;934,3;933,5;3339;30,7;13,3;31,7;29,8;15,4;13,3;40;34;35;49;7,9;3,6;
2023/03/29;1800 UTC;0;932,9;933,5;932,9;2897,6;31;13,8;32,2;30,3;14,8;13,3;38;33;35;75;7,7;3,1;
2023/03/29;1900 UTC;0;932,6;932,9;932,6;2125,7;31,7;14,3;32,6;31;15;13,2;37;32;35;99;7;2,6;
2023/03/29;2000 UTC;0;932,5;932,6;932,5;1218,2;30,2;15,1;31,7;30;15,1;13,5;40;34;40;111;7,3;3,3;
2023/03/29;2100 UTC;0;932,5;932,6;932,4;272,4;27,7;16,1;30,4;27,7;16,1;14,7;49;39;49;117;6;2,9;
2023/03/29;2200 UTC;0;932,6;932,6;932,4;2,1;25,5;16,3;27,7;25,5;16,5;16,1;57;49;57;135;4,8;1,6;
2023/03/29;2300 UTC;0;933,4;933,4;932,6;;25;16,4;26,1;25;16,7;16,2;59;55;59;206;2,3;1,1;
2023/03/30;0000 UTC;0;934,3;934,3;933,4;;24,8;16,6;25,4;23,9;16,8;16,2;64;57;60;168;1,7;1,1;
2023/03/30;0100 UTC;0;934,8;934,8;934,3;;24,5;16,5;25;23,7;16,7;16,3;64;59;61;210;2,4;,9;
2023/03/30;0200 UTC;0;935,1;935,2;934,8;;23,2;16,4;24,5;23,2;16,5;16,2;65;61;65;245;2;1;
2023/03/30;0300 UTC;0;934,8;935,2;934,8;;22,2;16,5;23,7;22,2;16,8;16,2;70;63;70;343;2,3;1,1;
2023/03/30;0400 UTC;0;935;935;934,8;;21,2;16,5;22,8;20,8;17,1;16,1;75;69;75;262;2,1;,7;
2023/03/30;0500 UTC;0;935,1;935,2;934,9;;20,8;16,9;21,4;20,5;16,9;16,1;79;73;79;300;2,5;,6;
2023/03/30;0600 UTC;0;935;935,1;934,9;;20,8;15,3;21,2;19,9;16,9;15,3;79;70;71;239;2,6;2,2;
2023/03/30;0700 UTC;0;934,8;935,1;934,8;;20,1;15;21,8;20;15,6;14,9;73;65;73;210;3,1;2,2;
2023/03/30;0800 UTC;0;935,2;935,3;934,8;;20,6;15,8;20,7;19,3;15,9;14,8;77;73;74;3;3,1;1,4;
2023/03/30;0900 UTC;0;935,6;935,6;935,2;;19,4;15,4;20,9;19,4;15,8;15,3;78;72;78;297;2,1;,6;
2023/03/30;1000 UTC;0;936,5;936,5;935,7;97,1;20,8;16,1;20,9;19,1;16,1;15,4;80;74;74;23;1,7;,5;
2023/03/30;1100 UTC;0;937,1;937,1;936,5;697,4;23,5;14,2;23,5;20,8;16,5;14,2;74;56;56;19;3;1,7;
2023/03/30;1200 UTC;0;937,3;937,3;937,1;1894,6;26;13,9;26,2;23,5;15,1;13,3;58;46;47;48;4,9;2,8;
2023/03/30;1300 UTC;0;937,1;937,4;937;2610,7;27,7;13,6;27,7;25,7;14,4;13,2;48;42;42;26;7,6;4,3;
2023/03/30;1400 UTC;0;936,7;937,1;936,7;3194,8;28,8;13,7;29,4;26,8;14,3;12,5;43;38;40;43;9,3;3,9;
2023/03/30;1500 UTC;0;935,9;936,7;935,9;3514,6;30,2;12,8;30,8;28,2;14,1;12,2;40;33;34;73;7,2;2,9;
2023/03/30;1600 UTC;0;934,8;935,9;934,8;3569,1;30,7;12,4;32;29,6;14,1;12,1;37;32;33;68;9,9;2,7;
2023/03/30;1700 UTC;0;933,9;934,8;933,8;3365,5;32,3;12;32,4;30,3;13,8;11,2;35;28;29;108;5,9;1,8;
2023/03/30;1800 UTC;0;933,2;933,9;933,2;2882,9;31,4;10,5;32,9;31,1;12,4;9,2;30;25;28;171;5,6;1,6;
2023/03/30;1900 UTC;0;932,8;933,2;932,7;2196,3;31,7;11,5;32,8;31,2;12,2;10,1;31;27;29;83;6,2;1,9;
2023/03/30;2000 UTC;0;932,7;932,8;932,6;1354,6;31;11,1;32;31;11,8;10,1;30;27;29;99;4,7;1,3;
2023/03/30;2100 UTC;0;932,6;932,8;932,6;427,9;28,9;11,3;31,2;28,9;11,4;10;34;28;34;82;3;1,3;
2023/03/30;2200 UTC;0;932,7;932,8;932,6;2,9;25,9;14,2;28,9;25,9;15,6;11,1;50;33;48;224;3;1,2;
2023/03/30;2300 UTC;0;933,1;933,1;932,7;;25,1;13,8;26,1;25,1;14,3;13,4;50;46;50;264;2,2;,7;
2023/03/31;0000 UTC;0;933,6;933,7;933;;23,3;13,5;25,1;23;14,8;13,5;58;50;54;235;2,6;1,9;
2023/03/31;0100 UTC;0;933,9;933,9;933,6;;23,2;15,1;24,1;21,8;15,2;13,1;61;51;61;6;2,6;,7;
2023/03/31;0200 UTC;0;934,1;934,2;933,9;;23,2;15,3;23,5;22,8;15,7;15,2;64;60;61;352;1,4;1,1;
2023/03/31;0300 UTC;0;933,9;934,1;933,8;;21,7;13,7;23,2;21,2;15,7;13,4;66;58;60;209;2,3;1,5;
2023/03/31;0400 UTC;0;933,9;934,1;933,9;;21,8;13,3;23;21,4;13,8;12,8;60;54;59;237;3,4;2,7;
2023/03/31;0500 UTC;0;933,5;933,9;933,5;;22,7;13,1;22,7;21,7;13,5;13,1;59;55;55;231;3,4;1,9;
2023/03/31;0600 UTC;0;933,7;933,7;933,5;;22,2;13,6;22,7;20,7;14,3;13;66;55;58;247;3,1;1,1;
2023/03/31;0700 UTC;0;933,4;933,7;933,4;;21;13,9;22,3;21;14,1;13,6;64;58;64;254;2;1,2;
2023/03/31;0800 UTC;0;933,5;933,5;933,3;;20,1;14,6;21;19,3;14,6;14;74;64;71;322;1,7;,5;
2023/03/31;0900 UTC;0;933,8;933,8;933,5;;19,6;14,5;20,4;19,4;14,7;14,3;74;68;72;335;1,6;1,1;
2023/03/31;1000 UTC;0;934,2;934,2;933,7;65,5;20,5;15,1;20,9;19,2;15,4;14,5;75;69;71;17;1,6;,7;
2023/03/31;1100 UTC;0;935;935;934,2;850,9;25;15,8;25;20,5;17;14,9;72;55;57;124;1,8;,7;
2023/03/31;1200 UTC;0;935,9;935,9;935;1742,7;27,3;14,5;27,3;25;15,9;13,4;57;44;46;66;5,2;2,1;
2023/03/31;1300 UTC;;;;;;;;;;;;;;;;;;
2023/03/31;1400 UTC;0;935,6;936;935,6;3103,8;30,3;14,3;30,5;28,3;15,4;13,3;43;38;38;87;7,4;3,4;
2023/03/31;1500 UTC;0;935,1;935,6;935,1;3432,9;30,7;14;31,3;29,8;15,3;13,1;41;34;36;66;6,9;2,7;
2023/03/31;1600 UTC;0;934,1;935,1;934,1;3485,4;31,6;13,9;32;30,6;15,2;13,1;38;33;34;39;5,7;2,2;
2023/03/31;1700 UTC;0;933,3;934,1;933,3;2213,8;32,2;14;32,8;30,4;14,2;12,2;37;31;33;114;5;1,2;
2023/03/31;1800 UTC;0;932,6;933,3;932,6;2747,4;31,9;12,3;33,1;30,9;14,1;11,9;34;29;30;177;4;1,5;
2023/03/31;1900 UTC;0;932;932,6;932;2198;32;12,5;32,9;31,8;13,1;11,8;31;28;31;278;4,5;2,1;
2023/03/31;2000 UTC;0;931,5;932;931,4;1302;31,5;12,9;32,2;31,5;13,3;12;33;30;32;201;4,6;1,3;
2023/03/31;2100 UTC;0;931,6;931,6;931,4;358,2;29;15;31,6;29;15;13,1;43;32;43;161;2,6;1,5;
2023/03/31;2200 UTC;0;932,1;932,1;931,6;2,8;26,6;15,9;29;26,5;16,5;14,7;54;42;52;258;2,5;1,1;
2023/03/31;2300 UTC;0;932,5;932,5;932,1;;26,4;14,5;26,7;25,8;15,8;14,4;52;48;48;232;2,2;1,4;
2023/04/01;0000 UTC;0;933,4;933,4;932,5;;25,8;14,1;26,4;25,7;14,8;13,8;51;46;48;245;2,3;1,3;
2023/04/01;0100 UTC;0;933,7;933,7;933,4;;25,5;13,8;25,7;25,1;14,2;13,7;51;48;48;248;2,1;1,7;
2023/04/01;0200 UTC;0;933,6;933,7;933,6;;24;14,9;25,5;23,7;14,9;13,7;57;48;57;293;2;1;
2023/04/01;0300 UTC;0;933,3;933,6;933,2;;21,4;14,7;24,2;21,3;16;14,2;66;57;66;184;5;1,6;
2023/04/01;0400 UTC;0;933;933,4;933;;22,5;14,5;22,9;21,4;15,1;14,5;66;59;61;226;4,2;2,4;
2023/04/01;0500 UTC;0;932,7;933;932,6;;22,6;14,3;23,2;22,1;14,7;14,1;63;57;59;233;4;2,8;
2023/04/01;0600 UTC;0;932,1;932,7;932,1;;22,1;14,6;22,7;22,1;14,6;14,2;62;59;62;237;4;1,8;
2023/04/01;0700 UTC;0;932,1;932,2;932,1;;21,2;14,9;22,2;21,2;15;14,6;68;62;68;249;3,2;1,1;
2023/04/01;0800 UTC;0;932,1;932,2;932;;21,4;14,7;21,6;21;14,9;14,7;68;65;66;243;2,9;2,1;
2023/04/01;0900 UTC;0;932,5;932,5;932,1;;20,1;14,9;21,5;20,1;15;14,7;72;66;72;10;2,9;,9;
2023/04/01;1000 UTC;0;933;933;932,5;66,1;21,7;15;21,8;20,1;15,6;14,8;72;66;66;185;1,6;,6;
2023/04/01;1100 UTC;0;933,6;933,6;933;808,9;24,5;15,9;24,8;21,7;16,5;14,6;66;54;59;156;1,6;,8;
2023/04/01;1200 UTC;0;933,9;933,9;933,6;1613,4;27,4;16,1;27,4;24,1;16,9;14,9;62;50;50;173;4,2;2,3;
2023/04/01;1300 UTC;0;933,7;934;933,7;2517,2;29,1;14,9;29,2;26,7;16,1;14,6;51;42;42;145;4,8;1;
2023/04/01;1400 UTC;0;933,1;933,7;933,1;3060,4;29,7;12,3;31,7;27,9;14,8;11,7;43;32;34;78;4,4;1,8;
2023/04/01;1500 UTC;0;932,4;933,1;932,4;3388,7;31,3;12,9;31,5;29,7;13,7;11,7;37;32;33;103;4,1;1,4;
2023/04/01;1600 UTC;0;931,4;932,4;931,4;3462,5;33,2;13,2;33,2;30,8;13,8;11,3;33;29;30;104;4,6;1,2;
2023/04/01;1700 UTC;0;930,6;931,4;930,6;3208,1;32,3;12,6;33,4;31,5;14;11,3;33;28;30;177;4,2;1,8;
2023/04/01;1800 UTC;0;929,7;930,6;929,7;2842,2;32,8;12,5;34,4;32,2;13,2;11,4;30;26;29;230;4,6;1,6;
2023/04/01;1900 UTC;0;929,8;929,8;929,7;688,9;29,9;16,1;32,8;29,9;16,2;12,4;44;29;43;191;4;1,4;
2023/04/01;2000 UTC;0;929,8;929,9;929,7;249,9;28,6;16,8;29,9;28,5;16,9;16;49;43;49;210;4,7;1,5;
2023/04/01;2100 UTC;0;930,4;930,4;929,8;49,2;26,7;16,3;28,7;26,7;16,9;15,8;53;48;53;244;7,7;3,3;
2023/04/01;2200 UTC;0;930,6;930,6;930,4;;24,3;17,1;26,9;24,3;17,2;16,1;64;52;64;172;7,7;1,3;
2023/04/01;2300 UTC;0;931,2;931,2;930,6;;24,8;16,2;25,3;24,1;17,2;16,1;65;57;59;231;3,1;1,9;
2023/04/02;0000 UTC;0;931,4;931,4;931,2;;25,3;16;25,6;24,2;16,8;15,7;63;55;56;297;3,2;1,1;
2023/04/02;0100 UTC;0;931,6;931,6;931,2;;23,9;16,1;25,3;23,4;17,4;15,6;68;56;61;233;3,8;2,3;
2023/04/02;0200 UTC;0;931,5;931,7;931,5;;22,6;16,4;24,2;22,6;16,6;15,9;68;60;68;246;3,8;1,5;
2023/04/02;0300 UTC;0;931,5;931,6;931,4;;22,4;16;23,4;21,8;16,6;15,3;71;61;67;158;3;1,5;
2023/04/02;0400 UTC;0;931,3;931,6;931,3;;23;16,7;23,2;22,2;16,7;15,9;70;64;68;227;3,7;1,8;
2023/04/02;0500 UTC;0;931,1;931,3;931,1;;22,4;16,2;23;21,9;16,7;15,9;72;66;68;227;2,7;1,8;
2023/04/02;0600 UTC;0;930,7;931,1;930,7;;21,2;16,4;22,8;21;16,7;16;74;66;74;239;2,8;2,1;
2023/04/02;0700 UTC;0;930,7;930,7;930,5;;21,8;16,2;22,1;21,2;16,5;16,2;74;70;70;252;2,8;1,9;
2023/04/02;0800 UTC;0;931,1;931,1;930,6;0;21,4;16,9;22,9;21,3;16,9;16,2;76;67;76;264;3,7;,8;
2023/04/02;0900 UTC;0;931,6;931,6;931,1;;22,2;16,8;22,5;21,4;17,1;16,5;76;69;72;324;2,4;,9;
2023/04/02;1000 UTC;0;932;932;931,6;27,6;21,7;17,5;22,6;20,7;17,8;16,5;80;71;77;259;2,3;,4;
2023/04/02;1100 UTC;0;932,9;932,9;932;241,5;22,6;17,5;22,7;21,4;17,7;16,9;78;72;73;182;2,1;,8;
2023/04/02;1200 UTC;0;933,6;933,6;932,9;559;24,1;17,7;24,3;22,6;18,3;17,2;73;65;67;188;2,1;,7;
2023/04/02;1300 UTC;0;933,8;933,8;933,6;2194,5;27,4;16,9;28,8;24;18,5;16,1;71;48;53;162;5,4;2,2;
2023/04/02;1400 UTC;0;933,6;933,9;933,6;2501,4;29;18;30;27,4;18;16;53;44;51;181;5,4;1,4;
2023/04/02;1500 UTC;0;932,6;933,6;932,6;1923;29,1;17,6;30,6;28,6;18,5;17,2;52;46;50;143;4,9;1,6;
2023/04/02;1600 UTC;0;931,3;932,6;931,3;3384,1;31,6;17,5;32;29,1;18,5;15,6;51;38;43;114;5,2;2,2;
2023/04/02;1700 UTC;0;930,6;931,3;930,6;2101,5;30,5;17;33;30,4;18,1;16,1;44;38;44;186;5,5;1,3;
2023/04/02;1800 UTC;0;930,3;930,6;930,3;634,8;29,8;17,6;30,9;29,7;17,8;16;49;41;48;148;4;,8;
2023/04/02;1900 UTC;0;930,1;930,3;929,9;493,9;27,9;15,8;29,9;27,7;19,2;15,8;55;46;48;275;7,3;2,1;
2023/04/02;2000 UTC;0;930,9;930,9;930,1;507,5;28;17,2;28,4;27,3;17,3;15,1;54;46;52;267;5,2;2,3;
2023/04/02;2100 UTC;,2;931,7;931,8;930,9;185;24,2;17,8;28;24,2;18,3;16,1;68;52;67;167;10,3;1,3;
2023/04/02;2200 UTC;0;933,1;933,3;931,6;1,2;22,5;18,2;24,2;22,5;18,7;17,7;78;67;77;254;6,8;2,7;
2023/04/02;2300 UTC;,4;933,4;933,5;932,9;;22;17,8;22,8;21,4;18,9;17,8;84;77;77;5;7,9;3,8;
2023/04/03;0000 UTC;31,2;935,8;936,1;933,3;;18,8;18,7;22;18,8;18,8;17,6;99;77;99;247;11,8;3,3;
2023/04/03;0100 UTC;4;934;935,7;934;;19,5;16,8;19,8;18,5;19,7;16,8;99;84;84;332;10,7;4,4;
2023/04/03;0200 UTC;,6;932,5;934;932,5;;19,2;16,5;19,7;19;16,9;16;86;79;84;359;7,2;,9;
2023/04/03;0300 UTC;,2;933,1;933,6;932,3;;18,9;17,3;19,3;18,4;17,3;16,5;91;84;90;251;4,4;2,1;
2023/04/03;0400 UTC;0;933,3;933,4;933;,3;18,2;16,1;19,1;18,1;17,3;16;90;85;88;194;6,8;2,8;
2023/04/03;0500 UTC;0;933,3;933,4;933,3;;18,2;16,7;18,7;18,1;16,7;16;91;84;91;75;5,9;,8;
2023/04/03;0600 UTC;0;932,1;933,3;932,1;;18,7;16,9;19,1;18,2;17,1;16,6;91;86;89;203;2,4;,3;
2023/04/03;0700 UTC;,4;932,8;932,8;932;;18,4;16,8;19,1;18,4;17,3;16,8;91;89;90;29;7,3;5,1;
2023/04/03;0800 UTC;0;933;933;932,5;;18,4;17,2;18,5;18,3;17,2;16,8;92;90;92;14;7,3;2;
2023/04/03;0900 UTC;0;933,3;933,3;933;;18,6;17,3;18,7;18,4;17,4;17,2;92;92;92;55;5;1,9;
2023/04/03;1000 UTC;0;933,7;933,8;933,3;50,8;18,7;18,1;18,8;18,4;18,1;17,3;97;92;96;219;3,5;1,3;
2023/04/03;1100 UTC;0;934,4;934,5;933,7;346,1;19,9;18;19,9;18,7;18,2;17,5;96;88;89;234;4,3;,8;
2023/04/03;1200 UTC;0;934,6;934,6;934,3;1011,8;21,3;17,9;21,6;19,9;18,7;17,7;89;80;81;173;3,3;1,4;
2023/04/03;1300 UTC;0;935,3;935,3;934,6;887,2;22,5;18,2;22,5;21,4;18,8;17,4;83;74;77;144;3,9;1;
2023/04/03;1400 UTC;0;935,3;935,4;935,2;1262,4;23,9;18,1;24;22,4;19;17,4;79;70;70;70;4,8;2,7;
2023/04/03;1500 UTC;0;934,7;935,3;934,7;1603,7;24,9;18,7;25,2;23,8;19,2;17,3;73;64;68;114;5;1,8;
2023/04/03;1600 UTC;0;934,2;934,7;934,2;844,9;23,9;18;25;23,7;19,1;17,3;72;64;70;146;4,9;1,7;
2023/04/03;1700 UTC;0;933,7;934,2;933,7;371,6;23,9;16,8;23,9;23,6;18,8;16,8;74;64;65;50;4,1;1,7;
2023/04/03;1800 UTC;0;933,3;933,7;933,3;707;24,1;17;24,4;23,7;17,6;16,5;67;63;65;27;4,1;1,7;
2023/04/03;1900 UTC;0;932,6;933,3;932,5;684,2;23,5;18;24,3;23,5;18,3;16,8;72;64;71;54;5,3;3,6;
2023/04/03;2000 UTC;0;932,3;932,6;932,2;561,2;23,6;18,6;23,7;23,4;18,6;17,4;73;69;73;34;5,3;2,4;
2023/04/03;2100 UTC;0;932,5;932,5;932,3;401,7;22,9;18,5;24;22,9;18,6;18,1;76;71;76;75;4;2,4;
2023/04/03;2200 UTC;0;932,9;932,9;932,4;5,8;22,2;18,9;22,9;22,2;19;18,5;82;76;81;71;3,9;1,4;
2023/04/03;2300 UTC;0;933,5;933,5;932,9;;22,2;18,1;22,3;22;18,9;18,1;82;78;78;22;2,7;1,7;
2023/04/04;0000 UTC;0;934,3;934,3;933,5;;21,6;19;22,2;21,1;19;18,1;86;78;85;284;2,4;,9;
2023/04/04;0100 UTC;0;934,8;934,8;934,3;;20,9;18,3;22,1;20,8;19;18;85;78;85;178;2,1;1;
2023/04/04;0200 UTC;0;934,7;935;934,7;;21,2;18,7;21,2;20,9;18,8;18,3;87;85;85;336;1,7;,7;
2023/04/04;0300 UTC;0;934,4;934,7;934,4;;20,7;18,7;21,4;20,5;19;18,1;89;84;89;347;2,2;,7;
2023/04/04;0400 UTC;0;934,1;934,4;934,1;;20,3;18,4;21,1;20,2;19;18,3;90;87;89;91;1,4;1;
2023/04/04;0500 UTC;0;933,8;934,1;933,8;;20,2;18,7;20,3;19,7;18,8;18;91;89;91;184;1,5;,6;
2023/04/04;0600 UTC;0;933,3;933,8;933,2;;20,1;18,4;20,2;19,9;18,7;18,2;91;90;90;220;1,8;1,3;
2023/04/04;0700 UTC;0;932,9;933,3;932,9;;19,7;18,1;20,4;19,7;18,5;18;90;89;90;217;1,8;,9;
2023/04/04;0800 UTC;0;932,7;932,9;932,7;;19,7;18;20,2;19,3;18,4;17,5;91;88;90;248;1,9;,8;
2023/04/04;0900 UTC;0;933,1;933,1;932,7;;19,5;18,1;20,1;18,9;18,2;17,2;91;88;91;217;1,6;,4;
2023/04/04;1000 UTC;0;933,6;933,6;933;50;19,8;18,4;19,8;19,5;18,5;18,1;92;91;91;183;1,3;,3;
2023/04/04;1100 UTC;0;934;934;933,6;733,5;22;18,7;22;19,8;18,7;17,9;91;80;81;174;2,5;1,3;
2023/04/04;1200 UTC;0;934,8;934,8;934;1684,2;24;18,3;24,3;21,9;19,3;18;82;70;71;207;3,5;,9;
2023/04/04;1300 UTC;0;935,1;935,1;934,7;1310,5;24,9;17,8;25,5;23,8;19,4;17,5;73;63;65;57;6,6;4,1;
2023/04/04;1400 UTC;0;934,6;935,1;934,6;2302,3;25,8;17,4;27,2;24,9;19;17,4;67;59;60;87;8,8;3;
2023/04/04;1500 UTC;0;933,6;934,6;933,6;2276,5;27;17,2;27,8;25,4;18,9;17,2;63;55;55;54;6,8;3,3;
2023/04/04;1600 UTC;0;932,5;933,6;932,5;3115,4;28,6;17,7;29,1;26,3;18,8;16,7;58;49;52;90;7,3;4,2;
2023/04/04;1700 UTC;0;931,7;932,5;931,7;1807;28,1;18,7;28,8;26,8;19,1;16;61;47;57;84;7,3;2,2;
2023/04/04;1800 UTC;0;930,9;931,7;930,9;1966,2;28;17,3;28,6;27,3;19;16,2;58;49;52;19;7,7;3,8;
2023/04/04;1900 UTC;0;930,4;930,9;930,4;1293,7;26;16,6;28,1;25,9;18,2;16,3;58;49;56;355;8,4;4,6;
2023/04/04;2000 UTC;0;930,4;930,5;930,3;1350,8;26,9;16,6;27,4;26;17;16,1;57;51;53;27;6,7;3,7;
2023/04/04;2100 UTC;0;930,8;930,8;930,4;400,3;25,8;17,5;26,9;25,8;17,5;16,4;60;53;60;25;6,1;2,8;
2023/04/04;2200 UTC;0;931,5;931,5;930,8;2,7;24,3;18,1;25,8;23,9;18,3;17,5;71;60;68;70;4,2;1,7;
2023/04/04;2300 UTC;0;931,8;931,8;931,5;;23,2;18;24,3;23;18,3;18;74;68;73;143;3;1;
2023/04/05;0000 UTC;0;932,1;932,1;931,8;;21,8;17,8;23,2;21,7;18,1;17,6;79;73;78;244;2,3;1,5;
2023/04/05;0100 UTC;0;932,4;932,4;932,1;;21,2;17,4;21,9;21;17,9;17,4;80;77;79;233;2,6;,7;
2023/04/05;0200 UTC;0;932,7;932,7;932,4;;20,8;17,4;21,2;20,6;17,7;17,2;82;79;81;239;2;1,7;
2023/04/05;0300 UTC;0;933,1;933,1;932,6;;20,6;17,4;21,2;19;17,7;16,4;88;79;82;214;2,3;1,4;
2023/04/05;0400 UTC;0;932,6;933,1;932,6;;19,9;17,1;20,5;19,9;17,5;17,1;84;82;84;36;2,1;,9;
2023/04/05;0500 UTC;0;932,3;932,6;932,2;;19,9;17,2;20;18,6;17,6;16,3;89;84;85;273;2,4;,9;
2023/04/05;0600 UTC;0;931,8;932,3;931,8;;18,9;16,5;20,4;18,9;17,2;16,2;86;81;86;47;2,4;,5;
2023/04/05;0700 UTC;;;;;;;;;;;;;;;;;;
2023/04/05;0800 UTC;;;;;;;;;;;;;;;;;;
2023/04/05;0900 UTC;0;932,2;932,2;931,7;;18,9;16,6;19,1;17,4;17,1;15,2;91;86;86;231;2,1;,9;
2023/04/05;1000 UTC;0;933;933;932,2;54;19,9;16,7;19,9;18,3;16,8;16,1;88;82;82;217;3,1;1,1;
2023/04/05;1100 UTC;0;933,8;933,8;933;819,2;22,2;16,6;22,2;19,9;17,2;16,6;82;71;71;207;2,1;1,3;
2023/04/05;1200 UTC;0;934,4;934,4;933,8;1703;25,2;17,5;25,3;22,1;18,6;16,6;72;61;62;116;3,3;1,4;
2023/04/05;1300 UTC;0;934,3;934,4;934,3;2488,8;27,5;18,5;27,5;24,7;18,5;17;65;57;58;85;6,4;3,4;
2023/04/05;1400 UTC;0;934,1;934,3;934,1;2879,4;27,2;17,2;28,4;26,6;18,8;16,7;59;51;54;86;9,1;3,6;
2023/04/05;1500 UTC;0;933,2;934,1;933,2;2688;28,8;18,6;28,8;26,8;18,7;16,6;58;51;54;63;6,8;3,3;
2023/04/05;1600 UTC;0;932,1;933,2;932,1;3010,1;28,8;16,6;29,1;27,1;18,8;16,6;58;48;48;82;6,9;3,4;
2023/04/05;1700 UTC;0;931;932,1;931;3160,5;29,1;16,7;30;28,2;18;16,1;51;45;47;59;6,4;2,8;
2023/04/05;1800 UTC;0;930,3;931;930,2;1362,3;29,5;17,7;29,6;27,7;18,4;16,2;54;46;49;69;5,6;2,9;
2023/04/05;1900 UTC;0;929,5;930,3;929,5;1969,2;28,8;17,4;30,5;28,2;17,9;14,7;52;41;50;69;8,6;4,1;
2023/04/05;2000 UTC;0;929,9;929,9;929,5;1387,2;28,4;16;29,5;27,6;18,1;14,8;54;43;47;97;7,2;3,9;
2023/04/05;2100 UTC;0;930,5;930,5;929,9;278,4;25,6;18,2;28,5;25,6;18,2;16;64;47;64;135;5,9;2,1;
2023/04/05;2200 UTC;0;931,1;931,1;930,5;;24;17,4;25,6;24;18,4;17,4;68;64;67;144;6,1;2,2;
2023/04/05;2300 UTC;0;931,5;931,6;931,1;;24,1;17,6;24,1;23,6;17,7;17,4;69;67;67;193;4,2;1;
2023/04/06;0000 UTC;0;932,4;932,4;931,5;;23,1;17,8;24,1;22,6;18;17,4;75;67;72;226;4,2;1,8;
2023/04/06;0100 UTC;0;932,8;932,8;932,4;;22,4;17,4;23,3;22,3;17,9;17,4;74;71;74;237;3,5;1,5;
2023/04/06;0200 UTC;0;933,3;933,3;932,8;;22,9;17;23;21,8;17,5;17;76;69;70;217;3,5;1,1;
2023/04/06;0300 UTC;0;933;933,4;933;;21,7;17,5;23;21,7;17,8;16,8;78;68;77;182;2,2;,3;
2023/04/06;0400 UTC;0;932,2;933;932,2;;22,2;17,2;22,8;21,7;17,8;16,7;78;68;73;266;1,8;,9;
2023/04/06;0500 UTC;0;931,8;932,2;931,8;;22,1;16,8;22,6;21,7;17,3;16,5;74;69;72;249;2,7;1,9;
2023/04/06;0600 UTC;0;931,8;931,8;931,6;;21,7;17,9;22,3;21,5;17,9;16,6;79;70;79;352;2,3;,5;
2023/04/06;0700 UTC;0;931,8;932;931,8;;20,9;17,5;21,8;20;18;16,9;84;77;81;161;1,4;1;
2023/04/06;0800 UTC;0;932;932;931,7;;21,2;17,5;21,2;20,4;17,6;17,3;83;79;79;331;1,4;,8;
2023/04/06;0900 UTC;0;932,3;932,3;932;;20,8;17,9;21,4;20;18,3;17,3;87;78;84;28;1,8;1;
2023/04/06;1000 UTC;0;932,8;932,8;932,3;58,6;21,1;17,7;21,1;20;17,9;17,2;85;81;81;202;1,5;,3;
2023/04/06;1100 UTC;0;933,3;933,4;932,8;724,6;24,1;18,5;24,1;21,1;18,7;17,3;81;68;71;104;2,5;1,7;
2023/04/06;1200 UTC;0;933,6;933,6;933,3;1666,9;25,4;18,4;25,7;23,9;18,8;17,7;72;64;65;76;4,6;2,5;
2023/04/06;1300 UTC;0;933,8;933,8;933,6;2438,6;27,5;18,5;27,5;25,4;19,1;17,4;67;57;58;84;7,6;4,3;
2023/04/06;1400 UTC;0;933,3;933,8;933,3;2987,3;28,2;17,9;28,7;26,9;19,1;17,2;59;52;54;84;7,7;3,4;
2023/04/06;1500 UTC;0;932,5;933,3;932,5;3132,8;28,8;17,8;29,6;27,7;19,1;17,1;58;49;52;48;7,4;3,8;
2023/04/06;1600 UTC;0;931,4;932,5;931,4;3503,9;29,7;17,3;30,5;28,8;18,9;16,7;53;46;47;46;7,4;2,9;
2023/04/06;1700 UTC;0;930,8;931,4;930,8;3001,8;30,7;17,2;31,3;29,7;18,6;16,5;50;43;45;70;6,4;2,5;
2023/04/06;1800 UTC;0;929,7;930,8;929,7;2441,7;30,3;17,7;32;30;18,3;16,5;47;41;47;106;7;2,5;
2023/04/06;1900 UTC;0;929,2;929,7;929,2;1666,9;30,2;17,9;31,8;29,5;18;15,9;48;41;48;113;5,6;3,2;
2023/04/06;2000 UTC;0;928,9;929,2;928,9;532,9;29,1;17,1;30,1;29,1;18,7;17,1;52;47;48;90;5,5;1,9;
2023/04/06;2100 UTC;0;929,1;929,1;928,8;180,3;27,4;18;29,1;27,4;18,4;17;57;48;57;110;3,6;,8;
2023/04/06;2200 UTC;0;929,8;929,8;929,1;;26,8;18,2;27,5;26,4;18,7;18;63;56;59;105;2,2;,6;
2023/04/06;2300 UTC;0;930,4;930,4;929,8;;25,6;18,7;26,8;25,2;19,3;18,2;68;59;66;140;2;1,1;
2023/04/07;0000 UTC;0;931,3;931,3;930,4;;25,1;18,4;25,8;23,6;19,3;18,1;76;63;67;199;2;1;
2023/04/07;0100 UTC;0;931,8;931,8;931,3;;25,5;17,7;25,5;24,4;18,5;17,7;70;62;62;21;2,9;,8;
2023/04/07;0200 UTC;0;932,1;932,3;931,8;;24;18,9;25,8;24;18,9;17,6;73;61;73;19;9,2;1,9;
2023/04/07;0300 UTC;0;932,5;932,5;931,9;;23,4;18,4;24;23,2;19,3;18,4;79;73;74;82;6,3;3,3;
2023/04/07;0400 UTC;0;932;932,6;932;;23,1;18,6;23,4;22,9;18,6;18,4;77;74;76;28;6,7;2,6;
2023/04/07;0500 UTC;0;931,7;932,2;931,7;;22,2;19,1;23,2;22,1;19,1;18,5;83;75;83;164;3,9;,4;
2023/04/07;0600 UTC;0;931,3;931,7;931,2;;22,9;18,7;23,1;22;19,3;18,7;83;76;77;359;1,5;,7;
2023/04/07;0700 UTC;0;931,6;931,6;931,2;;21;18,3;23;21;18,8;18,2;84;76;84;112;2;1,1;
2023/04/07;0800 UTC;0;931,8;931,8;931,5;;21,8;18,6;22,3;20,9;19,2;18,3;87;81;82;67;3,4;2,1;
2023/04/07;0900 UTC;0;932,1;932,1;931,8;;21;18,3;22;21;18,7;18,2;84;81;84;244;3,4;,5;
2023/04/07;1000 UTC;0;932,9;932,9;932;81,1;21,9;19;21,9;20,5;19,1;18,1;87;84;84;68;1,7;,9;
2023/04/07;1100 UTC;0;933,9;933,9;932,9;558,5;23;19,4;23;21,9;19,6;18,4;84;78;80;137;1,6;,8;
2023/04/07;1200 UTC;0;934,7;934,7;933,9;1354,5;24,8;19;25;23;19,6;18,5;80;69;70;54;3,4;1,9;
2023/04/07;1300 UTC;0;934,8;934,8;934,7;1452,9;26,4;18,3;26,5;24,6;19,5;18;71;61;61;30;5,9;3,1;
2023/04/07;1400 UTC;0;934,5;934,8;934,5;2354,7;26,4;18,4;27,4;25,8;19,5;17,9;65;59;61;41;7,6;4,1;
2023/04/07;1500 UTC;0;933,7;934,5;933,7;2733,4;27,3;18,5;28,1;26,4;19,5;18,1;63;56;59;25;8,5;4,2;
2023/04/07;1600 UTC;0;932,7;933,7;932,7;1348,9;27,2;18,7;28;26,9;19;18;61;56;60;17;7,4;2,5;
2023/04/07;1700 UTC;0;931,9;932,7;931,9;1567,8;28,2;18,4;28,4;27,1;19,3;18;61;55;55;68;4,4;1,3;
2023/04/07;1800 UTC;0;931,5;931,9;931,5;853,5;27;18,5;28,2;27;19,3;18,1;60;55;60;190;3,1;1;
2023/04/07;1900 UTC;0;931,3;931,5;931,2;187,1;25,3;20,1;27,2;25,3;20,1;18,7;73;60;73;272;4,6;1,9;
2023/04/07;2000 UTC;,2;930,9;931,3;930,8;428,8;25,2;21,2;25,3;24,4;21,7;20,2;82;73;78;234;4,6;1,3;
2023/04/07;2100 UTC;0;931,1;931,2;930,9;149,8;24,2;20,8;25,2;24,2;21,7;20,4;83;75;82;230;2,2;1,3;
2023/04/07;2200 UTC;0;931,8;931,8;931,1;;23,6;20;24,6;23,4;21,1;19,7;84;74;81;234;2,9;1;
2023/04/07;2300 UTC;0;932,7;932,7;931,8;;23,2;20,2;23,6;22,8;20,2;19,6;84;80;83;174;2,3;,7;
2023/04/08;0000 UTC;0;933,1;933,1;932,7;;22,6;19,8;23,3;22,4;20,4;19,7;85;83;84;235;3,1;2,5;
2023/04/08;0100 UTC;0;933,3;933,4;933,1;;23;20,2;23,7;22;20,5;19,5;86;82;84;247;3,4;,9;
2023/04/08;0200 UTC;0;933,9;933,9;933,3;;23;19,5;23,6;22,1;20,4;19,5;87;80;81;216;2,4;1,1;
2023/04/08;0300 UTC;0;933,1;933,9;933,1;;22,3;19,9;23;22,3;19,9;19,2;86;80;86;247;2,7;1,8;
2023/04/08;0400 UTC;0;932,8;933,1;932,7;;22,7;19,5;22,9;22,2;20,2;19,5;88;82;82;238;2,7;1,3;
2023/04/08;0500 UTC;0;932,4;932,8;932,4;;22,2;19,4;22,7;21,8;19,8;19,3;86;82;84;27;2,6;,8;
2023/04/08;0600 UTC;0;932,4;932,5;932,3;;21,9;19,4;22,6;21,9;19,7;19,3;86;83;86;176;2,2;,8;
2023/04/08;0700 UTC;0;932,6;932,7;932,4;;22,1;19,7;22,1;21,8;19,8;19,5;88;86;86;212;1,7;,8;
2023/04/08;0800 UTC;0;932,8;932,8;932,5;;21,5;19,6;22,6;21,5;19,8;19,5;88;83;88;168;2,4;,9;
2023/04/08;0900 UTC;0;933,2;933,2;932,8;;21,9;20,1;21,9;21,4;20,1;19,6;90;88;90;223;3,5;1,8;
2023/04/08;1000 UTC;0;933,7;933,7;933,2;40,5;22,1;20,1;22,1;21,6;20,1;19,8;90;88;88;22;3,6;2,4;
2023/04/08;1100 UTC;0;934,1;934,1;933,7;324,2;22,8;19,9;22,8;22,1;20,1;19,8;88;83;83;30;3,8;1,9;
2023/04/08;1200 UTC;0;934,5;934,5;934;1263,8;25,5;20;25,5;22,8;20,3;19,2;84;71;72;89;3,6;1,9;
2023/04/08;1300 UTC;0;934,9;935;934,5;2459,6;26,6;19,3;26,8;25,3;20,7;18,8;72;63;64;23;5;1,9;
2023/04/08;1400 UTC;0;934,7;934,9;934,7;2639,8;28,7;19,6;28,7;26,2;20,5;18,6;66;57;58;81;6,1;2,6;
2023/04/08;1500 UTC;0;934,2;934,7;934,2;2290,2;27,9;19,2;30;27,7;20,2;18,3;61;53;59;113;5,5;1,9;
2023/04/08;1600 UTC;0;933,1;934,2;933,1;2194,8;29,2;18,4;29,3;27,7;19,6;18,3;61;52;52;299;3,8;1,7;
2023/04/08;1700 UTC;0;932,3;933,1;932,3;2091,6;29,3;18,9;30,3;28,9;19,7;18,2;55;50;54;125;3,9;1,8;
2023/04/08;1800 UTC;0;931,4;932,3;931,4;1098;28,3;18,9;29,9;28,3;19,5;18,2;58;51;57;198;3,7;1,8;
2023/04/08;1900 UTC;0;931;931,4;931;361,9;26,6;20,4;28,5;26,5;20,4;18,9;69;57;69;222;4,8;2,1;
2023/04/08;2000 UTC;0;931,7;931,7;931;130,7;25;19,7;26,6;25;20,6;19,7;73;69;72;236;3,9;2,2;
2023/04/08;2100 UTC;0;932;932;931,7;32,8;24,8;18,8;25,1;24,6;19,8;18,8;73;70;70;245;4,7;2,5;
2023/04/08;2200 UTC;0;932,3;932,3;931,9;;23,8;19,1;24,8;23,7;19,1;18,5;75;69;75;256;4,5;1,8;
2023/04/08;2300 UTC;0;933,1;933,1;932,3;;23,8;18,7;23,8;23,5;19,4;18,6;77;73;73;236;3,9;2;
2023/04/09;0000 UTC;0;934;934;933,1;;23,5;19,1;23,9;23,1;19,1;18,5;76;72;76;194;3,2;1;
2023/04/09;0100 UTC;0;934,6;934,6;934;;22,8;19,1;23,5;22,8;19,6;19;82;76;80;204;3,5;2;
2023/04/09;0200 UTC;0;935;935;934,6;;22,1;19,5;22,8;22;19,6;19;86;79;85;151;3,5;,8;
2023/04/09;0300 UTC;0;935,1;935,2;935;;22,4;19;22,6;21,8;19,5;19;86;81;81;225;3,5;2;
2023/04/09;0400 UTC;0;934,7;935,1;934,7;;22,2;18,8;22,4;22;19,1;18,8;83;81;81;224;4,7;2,5;
2023/04/09;0500 UTC;0;934,4;934,7;934,4;;21,6;18,9;22,2;21,5;18,9;18,6;84;80;84;219;4,7;2,3;
2023/04/09;0600 UTC;0;933,9;934,4;933,9;;21,7;18,4;21,9;21,6;18,9;18,4;84;82;82;222;4,7;2,7;
2023/04/09;0700 UTC;0;933,8;933,9;933,8;;21,7;18,1;21,9;21,6;18,5;18;82;80;80;229;4,7;1,9;
2023/04/09;0800 UTC;0;933,6;933,8;933,5;;21,4;17,9;21,7;21,4;18,1;17,7;81;79;80;231;3,4;2;
2023/04/09;0900 UTC;0;933,8;933,8;933,5;;20,8;17,7;21,4;20,8;18;17,7;82;80;82;225;3,6;1,8;
2023/04/09;1000 UTC;0;934,2;934,2;933,8;43;21,2;17,8;21,2;20,5;17,8;17,6;84;81;81;241;2,8;1,2;
2023/04/09;1100 UTC;0;935,1;935,1;934,2;765,1;23,5;18;23,9;21,2;18,5;17,6;81;69;71;211;2,6;1,5;
2023/04/09;1200 UTC;0;935,6;935,7;935,1;1628,3;25;18,3;25,5;23,5;19;18;72;65;66;139;6,3;3,1;
2023/04/09;1300 UTC;0;935,8;935,8;935,5;1928,7;27,1;19,6;27,1;25;20;18,6;69;62;64;111;6,3;2,7;
2023/04/09;1400 UTC;0;935,7;935,9;935,7;3160,8;27,8;18,3;29,7;27,1;20;18,2;64;53;56;67;6,5;2,8;
2023/04/09;1500 UTC;0;935;935,7;935;2264,9;29,6;18,7;29,6;27,7;20,1;18,5;62;52;52;118;6,9;2,7;
2023/04/09;1600 UTC;0;934,3;935;934,3;2388,3;30,3;19,3;30,5;28,6;19,8;17,9;57;49;52;109;5,2;2,7;
2023/04/09;1700 UTC;0;933,1;934,3;933,1;3095;30,9;18,6;31,6;29,2;19,4;16,6;53;44;48;94;4,4;1,7;
2023/04/09;1800 UTC;0;931,9;933,1;931,9;2210,9;30,4;18,5;31,4;30,2;18,9;17,1;50;43;49;121;5,2;1,4;
2023/04/09;1900 UTC;0;931,9;932,2;931,7;415,4;28,3;19,2;30,4;28,3;19,9;18;60;49;58;180;4;2;
2023/04/09;2000 UTC;0;932;932,6;931,9;108,7;26,4;17,6;28,3;25,1;19,9;15,8;64;54;58;163;9;2,2;
2023/04/09;2100 UTC;0;932;932,2;931,9;182,4;25,1;19,5;26,5;25,1;19,6;17,4;71;58;71;245;4,7;1,7;
2023/04/09;2200 UTC;0;932,7;932,7;931,9;1,3;24,3;19,8;25,7;24,3;19,8;19,2;76;68;76;231;3,1;2,2;
2023/04/09;2300 UTC;0;933,7;933,7;932,7;;24,7;19,4;24,8;23,9;19,9;19,3;78;72;72;231;3,1;1,5;
2023/04/10;0000 UTC;0;934,7;934,7;933,7;;24,3;20,1;24,7;23,8;20,1;19,3;78;72;77;234;2,7;1,9;
2023/04/10;0100 UTC;0;934,8;934,8;934,6;;24,4;19,9;24,4;23,9;20,2;19,7;79;75;76;261;3;1,4;
2023/04/10;0200 UTC;0;935,1;935,1;934,8;;23,7;20;24,6;23,4;20,4;19,9;82;76;80;195;2,3;,7;
2023/04/10;0300 UTC;0;935,2;935,3;935,1;;23,3;20;24,2;23,1;20,1;19,8;83;77;81;204;3,7;1,4;
2023/04/10;0400 UTC;0;934,3;935,3;934,3;;22,9;19,5;23,4;22,7;19,9;19,4;82;79;81;176;4,2;2,2;
2023/04/10;0500 UTC;0;934;934,4;934;;22,7;19,7;22,9;22,2;19,8;19,5;85;81;83;200;4,1;2;
2023/04/10;0600 UTC;0;933,5;934;933,4;;22;19,1;22,7;22;19,7;19,1;83;81;83;160;5,2;2,3;
2023/04/10;0700 UTC;0;933,7;933,8;933,5;;21,4;18,6;22,1;21,4;19,1;18,6;85;83;84;138;4,3;1,3;
2023/04/10;0800 UTC;0;934,1;934,1;933,7;;21,2;17,8;21,5;21,1;18,6;17,7;84;81;81;127;4,1;2,4;
2023/04/10;0900 UTC;0;934,8;934,8;934,1;;20,8;17,9;21,2;20,7;18,1;17,6;84;81;84;206;3,5;,9;
2023/04/10;1000 UTC;0;935,5;935,5;934,8;52,4;20,8;18,3;21;20,5;18,3;17,8;86;84;85;208;2,1;1;
2023/04/10;1100 UTC;0;936,5;936,5;935,5;492,4;21,8;18,5;21,9;20,8;18,8;18,2;85;81;82;158;4,9;2,4;
2023/04/10;1200 UTC;0;937,5;937,5;936,5;1180,1;23,4;19;23,5;21,8;19;18,3;82;75;76;106;4,9;1,9;
2023/04/10;1300 UTC;0;937,6;937,7;937,5;1277,7;24,9;18,9;25,2;23,3;19,7;18,7;77;68;69;108;4,6;2,6;
2023/04/10;1400 UTC;0;937,2;937,6;937,2;1588,4;25,3;19;25,7;24,6;19,5;18,4;72;67;68;125;4,7;1,7;
2023/04/10;1500 UTC;0;936,5;937,1;936,5;1783,6;26,5;19,1;27,6;25,3;20,7;18,7;69;62;64;102;5,1;2,8;
2023/04/10;1600 UTC;0;935,4;936,5;935,4;1762;27,9;20;27,9;26,2;20,2;19;67;61;62;83;6,1;3,1;
2023/04/10;1700 UTC;0;934,3;935,4;934,3;2783,3;29,1;19,8;29,1;27,3;20,4;18,5;63;55;57;109;6,1;2,4;
2023/04/10;1800 UTC;0;933,3;934,3;933,3;1854,8;28,6;19,6;29,2;27,5;20;18,5;60;54;58;120;5;1,9;
2023/04/10;1900 UTC;0;932,8;933,3;932,8;1570,8;28,9;19,2;29,6;27,8;19,6;18;58;52;56;149;3,9;1,8;
2023/04/10;2000 UTC;0;933,1;933,1;932,8;490,5;27,2;19,2;29;27;19,4;18,2;63;53;62;141;4;1,6;
2023/04/10;2100 UTC;0;933,3;933,3;933;102,5;25,9;19,8;27,2;25,9;19,9;19,3;69;62;69;172;2,9;1,3;
2023/04/10;2200 UTC;0;933,9;933,9;933,3;;25;20,1;25,9;24,8;20,4;19,7;76;69;75;150;3,6;2,3;
2023/04/10;2300 UTC;0;935,2;935,2;933,9;;24,9;19,8;25,3;24,9;20,2;19,8;75;72;73;168;3,6;1,2;
2023/04/11;0000 UTC;0;935,3;935,3;935,2;;23,9;19,8;25;23,9;20,1;19,7;79;73;78;74;3,5;1,8;
2023/04/11;0100 UTC;0;935,5;935,5;935,2;;23,4;19,4;23,9;23,4;19,7;19,3;79;77;78;67;5,7;3,5;
2023/04/11;0200 UTC;0;935,5;935,7;935,4;;22,5;19,5;23,4;22,5;19,7;19,3;83;78;83;106;5,8;3;
2023/04/11;0300 UTC;0;935,4;935,8;935,3;;21,9;18,4;22,5;21,8;19,4;18,3;84;79;81;138;5,3;2,5;
2023/04/11;0400 UTC;0;935,3;935,6;935,2;;21,9;18,4;21,9;21,6;18,4;18,2;82;80;81;267;3,8;,8;
2023/04/11;0500 UTC;,2;935;935,3;935;;21,3;19,1;22,1;21,2;19,1;18,2;87;79;87;226;2,3;,8;
2023/04/11;0600 UTC;1,6;934,7;935;934,7;;20,9;19,3;21,3;20,8;19,6;18,6;91;86;91;241;2,2;1,1;
2023/04/11;0700 UTC;0;934,4;934,7;934,3;;20,5;19,1;20,9;20,4;19,4;19;92;91;92;248;2,3;1,2;
2023/04/11;0800 UTC;,2;934,7;934,7;934,4;;20,6;19,1;21;20,5;19,4;19,1;92;90;91;141;1,7;1,1;
2023/04/11;0900 UTC;2,4;935,4;935,4;934,7;;20,7;19,9;20,8;20,5;20;19,1;95;91;95;7;2,8;1,9;
2023/04/11;1000 UTC;4;935,6;935,6;935,4;4,6;20,5;19,8;20,8;20,5;20;19,7;96;94;96;120;3,1;1,2;
2023/04/11;1100 UTC;2,4;935,8;935,8;935,5;34,7;20,4;20,3;20,5;20,3;20,3;19,7;99;96;99;103;3;1,8;
2023/04/11;1200 UTC;1,2;936,2;936,2;935,7;337;21,2;21;21,2;20,4;21;20,2;99;99;99;64;4,7;2,3;
2023/04/11;1300 UTC;0;936,3;936,4;936,2;880,1;22,3;20,2;22,3;21,2;21,3;20;99;88;88;64;6,6;3,4;
2023/04/11;1400 UTC;0;936,2;936,4;936,2;952;22,8;19,8;22,8;22,2;20,8;19,3;90;83;83;52;7,7;3,5;
2023/04/11;1500 UTC;0;935,7;936,2;935,7;976,9;23,5;20;23,5;22,6;20,3;19,2;84;80;81;77;6;3,1;
2023/04/11;1600 UTC;0;934,8;935,7;934,8;1258,7;24,2;19,8;24,2;23,3;20,5;19,3;81;76;77;69;5,1;2,1;
2023/04/11;1700 UTC;0;933,9;934,8;933,9;1431,4;25,8;20,5;25,8;24,1;20,9;19,4;79;72;73;94;5,2;2,7;
2023/04/11;1800 UTC;0;932,9;933,9;932,9;2227,9;26,2;19;26,8;25,7;20,9;18,7;73;63;65;76;5,2;2,7;
2023/04/11;1900 UTC;0;932,4;932,9;932,4;1147,2;26,2;19,5;26,2;25,6;20,1;18,7;70;64;67;92;5,3;2,1;
2023/04/11;2000 UTC;0;932,5;932,5;932,3;918,6;25,7;20;27;25,5;20,2;19;71;63;71;76;5,9;2,6;
2023/04/11;2100 UTC;0;932,7;932,7;932,4;326,7;24,3;19,7;25,8;24,3;20;19,5;77;69;76;13;4,4;2,3;
2023/04/11;2200 UTC;0;932,8;932,8;932,7;;23,3;20,1;24,3;23,3;20,1;19,7;82;76;82;117;3;,8;
2023/04/11;2300 UTC;0;933,5;933,5;932,8;;22,8;19,9;23,3;22,6;20,3;19,7;85;81;84;211;2,2;,7;
2023/04/12;0000 UTC;0;933,9;933,9;933,4;;22;19,9;22,8;21,9;20;19,7;88;84;88;58;1,4;,8;
2023/04/12;0100 UTC;0;934,3;934,4;933,9;;21,7;19,4;22,5;21,6;20;19,1;89;84;87;242;2,6;,8;
2023/04/12;0200 UTC;0;934,1;934,4;934;;21,5;19,4;22;21,5;19,7;19,2;88;86;88;261;2,3;1;
2023/04/12;0300 UTC;0;934;934,1;933,9;;21,7;19,5;21,9;21,1;19,8;19,1;89;87;87;274;2;1,2;
2023/04/12;0400 UTC;0;933,6;934;933,6;;21,2;19,5;22,1;20,8;19,7;19;90;86;90;210;1,9;,7;
2023/04/12;0500 UTC;0;933,3;933,7;933,3;;21,1;19,5;21,7;21;19,5;18,9;91;86;91;139;2;,8;
2023/04/12;0600 UTC;0;933,5;933,5;933,2;;21,7;19,5;21,7;21,1;19,8;19,3;91;87;87;234;1,8;1,2;
2023/04/12;0700 UTC;0;933,4;933,5;933,4;;21,7;19,4;21,8;21,6;19,5;19,2;87;86;87;174;1,8;,4;
2023/04/12;0800 UTC;0;933,5;933,5;933,4;;21,2;19,4;21,8;21,2;19,4;19,2;89;86;89;118;1,3;,4;
2023/04/12;0900 UTC;0;934;934;933,4;;20,8;19,2;21,2;20,8;19,6;19,2;91;89;91;130;1,4;,4;
2023/04/12;1000 UTC;0;934,6;934,6;934;68,1;21,5;19;21,6;20,8;19,3;19;91;85;85;104;1,8;1,2;
2023/04/12;1100 UTC;0;935,2;935,2;934,6;707,8;23,7;19,5;23,7;21,4;19,5;18,8;86;77;77;71;4,3;2,5;
2023/04/12;1200 UTC;0;935,4;935,4;935,2;1569,1;24,5;18,4;24,8;23,7;19,7;18,2;77;68;69;65;6,4;4;
2023/04/12;1300 UTC;0;935,3;935,5;935,2;2200,9;25,4;18,9;25,7;24,2;19,7;18,1;71;65;67;49;6,5;3,5;
2023/04/12;1400 UTC;0;934,8;935,3;934,8;3110,5;26,3;19,1;27;25,1;19,5;17,9;68;61;64;52;6,7;2,9;
2023/04/12;1500 UTC;0;934,1;934,8;934,1;2660,5;27,1;18,3;27,8;26,2;19,8;18;65;58;59;66;6,2;1,9;
2023/04/12;1600 UTC;0;933,3;934,1;933,3;1861,1;27,2;18,6;27,9;26,7;19,8;18;62;57;59;51;5;2,2;
2023/04/12;1700 UTC;0;932,3;933,3;932,3;3050,1;29,3;19;29,8;27,1;20,4;18,1;62;53;54;103;7,5;2,5;
2023/04/12;1800 UTC;0;931,3;932,3;931,3;1557,5;27,7;18,1;29,6;27,7;19,7;17,7;58;50;56;64;5,8;1,8;
2023/04/12;1900 UTC;0;931,2;931,6;931;566,3;27,1;18,6;27,7;27,1;18,8;17,9;60;55;59;41;4,2;2,4;
2023/04/12;2000 UTC;0;931;931,3;930,7;353,8;26,8;19,2;27,1;26,7;19,2;18,2;63;59;63;48;4;1,5;
2023/04/12;2100 UTC;0;931,6;931,6;931;118,3;25,4;20,4;26,8;25,3;20,4;18,8;74;62;74;237;2,6;1,3;
2023/04/12;2200 UTC;0;932,2;932,2;931,6;;24,9;20;25,5;24,6;20,6;20;77;72;74;233;2,4;1,7;
2023/04/12;2300 UTC;0;932,5;932,5;932,1;;23,9;19,5;25,1;23,8;20;19,4;77;72;77;246;4,5;1,2;
2023/04/13;0000 UTC;0;933,5;933,5;932,5;;22,8;19,4;24,1;22,8;19,7;19,2;81;75;81;179;4,2;2,1;
2023/04/13;0100 UTC;1,2;933,9;934,1;933,5;;21,8;19,8;22,9;21,8;20;19,4;88;81;88;182;4,2;1,7;
2023/04/13;0200 UTC;,6;933,7;934;933,7;;21,6;19,9;21,9;21,5;20,1;19,7;90;88;90;202;3,2;1,2;
2023/04/13;0300 UTC;0;933,1;933,7;933,1;;21,6;19,9;21,7;21,4;20,1;19,8;91;90;90;228;2,9;1,9;
2023/04/13;0400 UTC;0;932,7;933,1;932,7;;21,2;19,4;21,6;21;20;19,4;91;89;90;238;3,9;2,1;
2023/04/13;0500 UTC;0;932,3;932,7;932,3;;21,3;19,6;21,4;21,1;19,6;19,4;91;90;90;288;3,5;,9;
2023/04/13;0600 UTC;0;931,9;932,3;931,9;;21,2;19,5;21,4;21,1;19,7;19,3;90;89;90;347;2;1,2;
2023/04/13;0700 UTC;0;931,9;931,9;931,8;;20,1;18,7;21,3;20;19,5;18,6;92;89;92;240;2;1;
2023/04/13;0800 UTC;0;932;932,1;931,8;;19,5;18;20,5;19,5;19,2;18;92;91;91;223;1,9;1,3;
2023/04/13;0900 UTC;0;932,2;932,2;931,9;;20;18,5;20,2;19,5;18,7;18;92;91;91;328;2;,9;
2023/04/13;1000 UTC;0;932,8;932,8;932,2;58,5;20,4;18,7;20,4;19,4;18,9;18;92;90;90;235;2,1;,4;
2023/04/13;1100 UTC;0;933,1;933,2;932,8;738,6;23;18,8;23,3;20,4;19,3;18,6;90;77;77;116;1,5;,7;
2023/04/13;1200 UTC;0;933,1;933,1;932,9;1627,3;24,9;20,3;24,9;23;20,4;18,8;79;73;76;98;3,8;1,7;
2023/04/13;1300 UTC;0;933;933,4;933;1807,1;26,4;20;26,4;24,6;20,7;19,2;76;67;68;90;5,1;2,7;
2023/04/13;1400 UTC;0;932,5;933,1;932,5;2666,3;26,8;19,7;27,5;25,7;20,6;18,7;70;62;65;38;6,4;3,1;
2023/04/13;1500 UTC;0;931,7;932,5;931,7;3326,3;27,6;19,6;28,2;26,3;20,1;18,7;67;60;61;13;7,4;3,3;
2023/04/13;1600 UTC;0;931;931,8;931;3049,9;28,8;18,9;29,4;27,6;20,7;18,3;63;54;55;357;6;3,2;
2023/04/13;1700 UTC;0;930,4;931;930,4;1739,9;30,1;18,6;30,2;27,9;19,9;18,1;61;50;50;126;5,1;1,5;
2023/04/13;1800 UTC;0;929,5;930,4;929,5;1880,4;28,9;18;30,3;28,9;19,1;17,4;53;47;52;10;4,2;2,3;
2023/04/13;1900 UTC;0;929,1;929,5;929;668,6;28,8;19,9;28,9;28,5;20;17,1;59;49;58;126;3,9;1,2;
2023/04/13;2000 UTC;0;929,3;929,3;928,9;1077,5;29,2;17,8;30,6;28,7;20,3;17,4;61;47;50;176;2,6;,5;
2023/04/13;2100 UTC;0;929,7;929,7;929,2;144,8;27,3;19,3;29,2;27,3;19,5;17,9;62;50;62;177;1,6;,6;
2023/04/13;2200 UTC;0;930,1;930,1;929,7;;25,4;19,3;27,3;25,4;20,7;19,2;72;62;69;231;2,1;1,5;
2023/04/13;2300 UTC;0;930,4;930,4;930;;24,2;19,6;25,7;23,9;20,3;19,2;76;68;76;227;2,1;,7;
2023/04/14;0000 UTC;0;931,1;931,1;930,4;;25;19,6;25,3;24,1;19,8;18,8;76;68;72;231;2,2;,5;
2023/04/14;0100 UTC;0;931,4;931,5;931,1;;23,9;20;25,4;23,9;20,4;19,6;79;72;79;220;1,6;,5;
2023/04/14;0200 UTC;0;931,6;931,6;931,4;;24,5;19,7;24,6;23,1;19,9;19;79;74;74;207;3,5;1,7;
2023/04/14;0300 UTC;0;931,4;931,7;931,4;;24,6;19,1;24,6;24,1;19,7;19;75;71;72;190;2,7;1,2;
2023/04/14;0400 UTC;0;931,3;931,4;931,2;;23,5;19,2;24,6;23,4;19,4;19;78;71;77;238;3,9;2,6;
2023/04/14;0500 UTC;0;931,1;931,3;931;;22,9;19,9;23,6;22,9;19,9;19,2;83;77;83;257;4,1;2,2;
2023/04/14;0600 UTC;0;930,7;931,2;930,7;;22,6;20,1;23,1;22,6;20,3;19,9;86;83;86;204;4,8;1,4;
2023/04/14;0700 UTC;0;931,1;931,1;930,6;;22,3;20,1;22,7;22,1;20,3;19,9;88;86;87;263;2,7;1,3;
2023/04/14;0800 UTC;0;931,3;931,3;931;;22,1;20,3;22,5;22;20,5;20;90;87;90;285;4,4;,5;
2023/04/14;0900 UTC;0;932,1;932,1;931,3;;22,5;20,4;22,5;22;20,6;20,2;91;88;88;320;5,4;2,3;
2023/04/14;1000 UTC;49,2;933,1;933,6;932,1;3;19,9;19,7;22,6;18,8;20,4;17,3;99;83;99;309;19,9;3,6;
2023/04/14;1100 UTC;9;933,8;933,8;933;25,4;20,5;20,3;20,6;19,9;20,3;19,7;99;98;98;264;6,4;2,4;
2023/04/14;1200 UTC;,8;933,7;933,9;933,6;491,7;21,7;21,3;21,7;20,3;21,3;20;99;98;98;351;5,3;1,5;
2023/04/14;1300 UTC;0;933,9;934,2;933,7;1471,3;24;23,2;24;21,6;23,2;21,3;99;95;95;282;4,8;1,3;
2023/04/14;1400 UTC;0;933,6;933,9;933,6;2256,2;26,1;19,8;26,2;24;22,9;19,8;95;68;68;65;3,2;1,3;
2023/04/14;1500 UTC;,2;933,1;933,6;933,1;3259,9;27,5;19,2;28,2;26,1;20,8;19,2;70;60;60;7;5,4;3,1;
2023/04/14;1600 UTC;0;932,4;933,1;932,4;3100,5;28,9;20,9;28,9;27,1;20,9;18,8;65;58;62;47;6,3;2,1;
2023/04/14;1700 UTC;0;931,1;932,4;931,1;2575,1;28,4;20,7;29,3;27,7;21,4;19;64;58;63;47;5,6;2,5;
2023/04/14;1800 UTC;0;930,5;931,1;930,3;1747,5;27,4;20,1;29,2;27,4;21,5;19,7;66;59;65;40;5,8;2,9;
2023/04/14;1900 UTC;0;930,5;930,9;930,3;144,7;22,6;19,5;27,5;22,6;20,4;17,7;83;62;82;120;10,2;,8;
2023/04/14;2000 UTC;0;930,9;931,1;930,5;499,2;24,9;20,4;25,1;22,6;20,5;19,1;82;74;76;257;2,1;1;
2023/04/14;2100 UTC;0;931,8;931,8;930,9;136,3;23,8;20,5;25,1;23,8;21,5;20,3;82;76;82;175;2,4;,8;
2023/04/14;2200 UTC;0;932,6;932,6;931,8;;23,6;19,9;23,8;23,3;20,5;19,5;83;78;80;246;2,5;1,1;
2023/04/14;2300 UTC;0;932,8;932,8;932,5;;23,4;19,4;24;23;20,6;19,1;85;75;79;243;3,3;1,7;
2023/04/15;0000 UTC;0;932,9;933;932,7;;23,1;20;23,4;22,6;20,2;19,5;85;79;83;227;4,1;2,2;
2023/04/15;0100 UTC;0;933,1;933,1;932,9;;23;19,9;23,1;22,3;20,3;19,8;88;82;82;197;3,9;,6;
2023/04/15;0200 UTC;0;933,6;933,7;933,1;;22,2;19,6;23,1;21,9;20,1;19,6;89;82;85;219;2,6;1,1;
2023/04/15;0300 UTC;0;933,4;933,7;933,4;;21,9;18,9;22,4;21,8;19,6;18,9;85;82;83;224;3,2;1,8;
2023/04/15;0400 UTC;0;933,1;933,5;933,1;;22;17,9;22,2;21,9;19;17,9;83;77;78;205;4,5;1,4;
2023/04/15;0500 UTC;0;932,5;933,1;932,5;;21,2;18;22,1;21,1;18,1;17,9;82;77;82;241;5,7;2;
2023/04/15;0600 UTC;0;932,3;932,5;932,2;;20,8;18;21,3;20,5;18;17,8;85;81;84;236;4,1;2;
2023/04/15;0700 UTC;0;932,4;932,5;932,2;;21,1;17,9;21,2;20,3;18,1;17,7;86;82;82;229;3,6;1,2;
2023/04/15;0800 UTC;0;932,7;932,7;932,4;;20,8;18,3;21,2;20,3;18,4;17,8;88;81;85;163;1,8;,7;
2023/04/15;0900 UTC;0;932,9;933;932,7;;20,3;17,9;20,9;20,3;18,3;17,9;86;84;86;34;1,6;,8;
2023/04/15;1000 UTC;0;933,7;933,8;932,9;61,2;20,9;18,4;20,9;20,2;18,4;17,9;89;86;86;290;2,1;1;
2023/04/15;1100 UTC;0;934,7;934,7;933,7;744,8;23,2;19,1;23,2;20,9;19,3;18;86;77;78;103;2,9;1,1;
2023/04/15;1200 UTC;0;935;935;934,7;1605,7;25;18,8;25,1;23,1;19,4;18,4;78;69;69;243;2,1;,8;
2023/04/15;1300 UTC;0;934,8;935;934,8;2358,5;26,1;18,4;26,9;24,6;20,1;18,3;69;62;63;350;2,6;1,1;
2023/04/15;1400 UTC;0;934,4;934,8;934,4;2908;28,2;18,7;29,2;26,1;20,4;18,2;63;54;56;153;3,3;1,4;
2023/04/15;1500 UTC;0;933,6;934,4;933,6;3227,5;30,8;19,4;30,8;28,1;20,7;18,3;61;49;51;99;3,9;1,2;
2023/04/15;1600 UTC;0;932,8;933,6;932,8;3357,4;30,6;16,8;31,1;29,5;20,5;16,2;56;42;44;225;4,5;1,7;
2023/04/15;1700 UTC;0;932,1;932,8;932,1;3133,8;31,6;17,3;31,6;30,6;18,7;15,9;49;40;43;199;4,5;1,7;
2023/04/15;1800 UTC;0;931,4;932,1;931,4;1961;30,6;16,9;31,6;30,2;17,8;15;45;38;44;225;4,4;2,6;
2023/04/15;1900 UTC;0;931,6;931,6;931,1;2018,3;27,8;18,9;32;27,8;19,2;16,7;59;41;59;198;8,8;4,3;
2023/04/15;2000 UTC;0;932;932;931,5;834,7;26;18,5;27,8;25,8;19,1;17,4;66;57;63;212;10,5;2,5;
2023/04/15;2100 UTC;0;932;932,2;931,9;184,9;25,8;18,6;26,2;25,8;18,8;18,4;65;63;64;217;4,6;1,6;
2023/04/15;2200 UTC;0;932;932,1;931,9;,1;24,8;19,5;25,8;24,4;19,6;18,4;74;64;72;216;4,2;1,9;
2023/04/15;2300 UTC;0;932,9;932,9;932;;23,8;19,3;24,8;23,4;19,7;19,3;79;72;76;199;3,6;1,7;
2023/04/16;0000 UTC;0;933,2;933,2;932,8;;22,8;19,2;23,8;22,5;19,4;19,2;82;76;80;230;3,9;1,3;
2023/04/16;0100 UTC;0;933,5;933,5;933,2;;23,5;18,5;23,5;22,5;19,3;18,5;81;74;74;247;2,9;1,5;
2023/04/16;0200 UTC;0;933,4;933,7;933,4;;22,6;18,6;23,5;22,4;19,4;18,3;80;73;78;239;2,9;1,9;
2023/04/16;0300 UTC;0;933,1;933,4;933,1;;22,3;18,7;22,9;22,3;18,7;18,4;80;77;80;219;2,9;1,2;
2023/04/16;0400 UTC;0;932,9;933,2;932,8;;21,8;18,7;22,9;21,7;18,9;18,3;83;78;83;316;4,2;1,1;
2023/04/16;0500 UTC;0;932,9;933;932,9;;21,7;18,8;22,5;21,2;19;18,4;85;80;84;222;3,1;,4;
2023/04/16;0600 UTC;0;932,5;932,9;932,5;;21,5;18,9;22;21,1;19,1;18,6;86;83;85;276;2,2;1;
2023/04/16;0700 UTC;0;932,6;932,7;932,5;;21,1;18,6;22;21,1;19;18,6;86;83;85;252;1,6;,5;
2023/04/16;0800 UTC;0;932,6;932,6;932,4;;20,7;18,2;21,5;20,7;18,9;18,2;87;85;86;249;2,6;2;
2023/04/16;0900 UTC;0;932,8;932,8;932,5;;20,6;18,1;20,9;19,9;18,5;17,5;88;85;85;232;2,6;1,8;
2023/04/16;1000 UTC;0;933,5;933,5;932,8;91,1;21,8;18,5;21,8;20,4;18,7;18;87;82;82;207;2,1;1,1;
2023/04/16;1100 UTC;0;934,3;934,3;933,5;711,1;23,8;18,9;23,8;21,8;19,3;18,4;82;74;74;217;1,9;,7;
2023/04/16;1200 UTC;0;934,9;934,9;934,3;1360,5;25,5;19,2;25,5;23,8;19,5;18,4;74;66;68;148;3,9;2,1;
2023/04/16;1300 UTC;0;935;935,1;934,9;2336,5;26,2;17,6;26,9;25,2;19,7;17,6;68;59;59;153;5,7;2,3;
2023/04/16;1400 UTC;;;;;;;;;;;;;;;;;;
2023/04/16;1500 UTC;0;933,6;934,6;933,6;3388,3;28,9;19,2;29,2;27,8;20,3;17,5;61;52;56;189;6;1,6;
2023/04/16;1600 UTC;0;932,8;933,6;932,8;3070,4;28,3;17,4;30,1;28,3;20,2;17;57;46;52;202;4,1;1,7;
2023/04/16;1700 UTC;0;931,9;932,8;931,9;3081,3;30,2;16,4;30,6;28,3;18,5;16,1;53;43;43;253;4;1,5;
2023/04/16;1800 UTC;0;931,2;931,9;931,2;2350,9;29,9;17,5;30,8;29,5;18,2;16,5;49;43;48;201;4,5;2,3;
2023/04/16;1900 UTC;0;930,6;931,2;930,6;1864,8;30,2;17,7;30,2;29,4;18,1;16,6;50;45;47;194;4,4;1,6;
2023/04/16;2000 UTC;0;930,6;930,6;930,5;1041,3;28,9;17,9;30,2;28,8;18;16,8;52;45;51;167;4,4;1,6;
2023/04/16;2100 UTC;0;930,6;930,7;930,6;280,4;27,3;19;28,9;27,3;19;17,6;60;51;60;197;3,8;1,4;
2023/04/16;2200 UTC;0;930,7;930,7;930,6;;25,3;18,3;27,3;25,3;19,4;18,1;68;60;65;234;2,1;1,6;
2023/04/16;2300 UTC;0;931;931;930,6;;24,7;18,2;25,4;24,6;18,4;17,9;68;64;67;239;2;1,2;
2023/04/17;0000 UTC;0;931,4;931,4;931;;23,7;17,6;24,9;23,7;18,4;17,6;70;66;69;154;2,2;,7;
2023/04/17;0100 UTC;0;931,7;931,7;931,4;;24;18,1;24,1;23,4;18,2;17,6;71;69;70;196;2,6;1;
2023/04/17;0200 UTC;0;931,8;931,9;931,7;;23,1;18,2;24,1;23;18,4;18,1;75;70;74;215;2,1;1,3;
2023/04/17;0300 UTC;0;931,2;931,8;931,2;;22,1;18,1;23,1;22,1;18,5;18,1;78;74;78;240;3,1;2,5;
2023/04/17;0400 UTC;0;930,4;931,2;930,4;;21,2;17,8;22,1;21,2;18,2;17,8;81;78;81;269;3,1;1,2;
2023/04/17;0500 UTC;0;930,1;930,4;930,1;;20;17,4;21,5;19,6;18,2;16,7;85;81;85;234;2,3;2;
2023/04/17;0600 UTC;0;929,8;930,1;929,8;;20,8;17,7;21,2;19,8;18,1;16,7;85;80;82;261;2,3;,9;
2023/04/17;0700 UTC;0;930;930,1;929,8;;20,8;17,2;21,1;20,3;17,8;17;83;80;80;246;2;1,7;
2023/04/17;0800 UTC;0;930,4;930,4;930;;20;17,1;20,9;19,7;17,4;16,5;84;79;83;325;2;,8;
2023/04/17;0900 UTC;0;931;931;930,3;;19,7;16,8;20;19,5;17,4;16,8;86;83;84;250;1,3;,8;
2023/04/17;1000 UTC;0;931,9;931,9;931;67,1;19,9;17;19,9;19,4;17,1;16,7;85;83;83;2;1,8;1,4;
2023/04/17;1100 UTC;0;932,7;932,7;931,9;552;22,6;18,7;22,9;19,9;18,7;17;83;75;78;75;1,8;,5;
2023/04/17;1200 UTC;0;933,1;933,1;932,7;1363,4;24,7;17,4;25,1;22,6;19,2;17,4;79;64;64;67;3,6;1,9;
2023/04/17;1300 UTC;0;932,7;933,1;932,7;1857;25,3;18,5;25,8;24,6;19,4;17,7;69;62;66;25;5,9;3,7;
2023/04/17;1400 UTC;0;932;932,7;932;2158;26;19,1;26,7;25,2;19,7;18,3;67;63;66;35;6,8;3;
2023/04/17;1500 UTC;0;930,7;932;930,7;2653,1;27,9;19,8;27,9;26;20,1;18,7;66;60;61;37;5,9;3,7;
2023/04/17;1600 UTC;0;929,6;930,7;929,6;3338,7;29,3;18,5;29,4;27,9;19,9;18;61;51;52;27;6,7;2,7;
2023/04/17;1700 UTC;0;928,2;929,6;928,2;2778,9;30,2;18,5;30,2;28,7;19,6;17,5;55;47;50;321;6,3;1,9;
2023/04/17;1800 UTC;0;927,4;928,2;927,4;2663,8;30,8;18,4;31,3;29,8;18,9;16,8;51;44;48;59;6,1;2,2;
2023/04/17;1900 UTC;0;926,8;927,4;926,8;1981,4;30,9;17,2;31,2;30,1;18,1;16,5;48;42;44;131;5,3;1,1;
2023/04/17;2000 UTC;0;926,9;926,9;926,7;1014,2;29,6;18,6;32,3;29,6;18,6;16,5;51;41;51;134;4,5;2,5;
2023/04/17;2100 UTC;0;927,2;927,2;926,9;210;27,4;18,3;29,6;27,3;19,2;18;59;50;58;102;4,5;1,3;
2023/04/17;2200 UTC;0;927,8;927,8;927,2;;25,5;19,3;27,5;25,5;19,3;17,9;69;57;69;204;1,8;,7;
2023/04/17;2300 UTC;0;928,4;928,4;927,8;;25,5;18,5;26,1;25,3;19,2;18;69;62;65;226;1,4;,9;
2023/04/18;0000 UTC;0;928,7;928,7;928,4;;25,3;18;25,6;24,2;18,8;17,8;69;63;64;271;2,3;1;
2023/04/18;0100 UTC;0;928,7;928,9;928,7;;24;18,8;25,3;23,5;18,8;17,7;73;64;73;343;2,6;,8;
2023/04/18;0200 UTC;0;928,7;928,8;928,6;;23,1;18,9;24;22,9;18,9;18,6;77;73;77;242;1,7;,3;
2023/04/18;0300 UTC;0;928,4;928,7;928,4;;22,9;17,5;23,1;22,1;18,8;17,5;77;71;72;236;2,5;2,1;
2023/04/18;0400 UTC;0;928,1;928,6;928,1;;22,1;18,2;22,9;21,7;18,2;17,5;80;72;79;268;2,5;,5;
2023/04/18;0500 UTC;0;928;928,1;927,9;;21,8;18;22,1;21,4;18,3;18;81;78;79;272;1,3;,4;
2023/04/18;0600 UTC;0;928,2;928,2;927,9;;20,3;17,7;21,9;20,2;18,2;17,2;85;79;85;328;2,8;,5;
2023/04/18;0700 UTC;0;928,2;928,3;928,2;;21;17,7;21,4;20,3;18,4;17,7;85;81;82;288;2,5;1,1;
2023/04/18;0800 UTC;0;928,4;928,4;928,2;;20,2;17,8;21;19,2;18,1;16,7;87;82;86;260;2,4;1,3;
2023/04/18;0900 UTC;0;928,5;928,5;928,2;;19,9;17,4;20,8;19,4;18,2;16,8;87;84;85;243;2,3;,9;
2023/04/18;1000 UTC;0;929,1;929,1;928,5;50;21,4;18,1;21,4;19,7;18,1;17,1;86;81;81;322;1,9;,5;
2023/04/18;1100 UTC;0;929,7;929,7;929,1;736;24,5;19;24,5;21,4;19,4;17,6;81;69;71;96;1,5;,7;
2023/04/18;1200 UTC;0;930,2;930,2;929,7;1568,5;26,7;19,1;26,7;23,9;19,8;17,8;72;63;63;170;2;,8;
2023/04/18;1300 UTC;0;930,3;930,4;930,1;2271,2;28,8;18;29,2;26,5;19,5;17,7;64;52;52;329;4,9;2;
2023/04/18;1400 UTC;0;929,9;930,3;929,9;2860;30,2;18,2;30,4;28,8;19,1;17,2;53;46;49;326;6,8;3,4;
2023/04/18;1500 UTC;6,2;929,1;929,9;929,1;804,3;24,2;21,7;30,7;23,3;21,9;17,8;89;48;86;120;7,6;2,3;
2023/04/18;1600 UTC;2,2;928;929,1;928;1536,5;26,5;22;27,3;24,1;23,2;20,3;86;74;76;120;4,3;2,5;
2023/04/18;1700 UTC;0;927,3;928,1;927,3;1031,7;26,1;19,5;26,7;24,4;22,1;18,8;77;65;67;11;6,8;2,5;
2023/04/18;1800 UTC;0;925,9;927,3;925,9;2494,5;29,2;18,6;29,4;26;21,1;18,3;72;52;53;340;4,8;2,5;
2023/04/18;1900 UTC;0;925,9;926;925,4;1272,2;29,1;19,3;30,2;29;19,7;18,4;57;50;56;324;5,9;3,3;
2023/04/18;2000 UTC;0;926,2;926,2;925,7;959,3;29,1;19;30;29,1;19,6;18,2;56;49;55;279;6,7;1,8;
2023/04/18;2100 UTC;,2;927;927;926,2;131,5;27,8;19,3;29,1;27,6;20;18,8;63;54;60;357;3,5;1,1;
2023/04/18;2200 UTC;0;927,8;927,8;927;;25,5;20,2;27,9;25,2;20,7;19,3;75;60;73;348;6,3;3;
2023/04/18;2300 UTC;0;929;929;927,8;;23,8;20,7;25,5;23,6;20,7;20,2;83;72;82;263;4,2;1,8;
2023/04/19;0000 UTC;0;929,4;929,4;929;;24,7;19,7;24,8;23,8;20,8;19,7;82;74;74;332;4,4;2,5;
2023/04/19;0100 UTC;0;929;929,6;929;;23,2;19,4;25;23,2;19,7;18,6;79;68;79;195;4,4;,8;
2023/04/19;0200 UTC;0;929;929;928,7;;22,3;18,7;24,5;22,3;19,6;18,6;81;70;80;22;3,5;1,3;
2023/04/19;0300 UTC;0;928,9;929,2;928,9;;23,4;19;23,5;21,4;19,8;18,6;87;75;76;353;2,5;1,2;
2023/04/19;0400 UTC;0;929;929;928,8;;22,5;18,5;24,1;22,4;19,3;18,4;83;72;78;235;3,8;,8;
2023/04/19;0500 UTC;0;928,4;929;928,4;;23,7;19,1;23,8;22,4;19,3;18,6;80;74;76;306;3,5;1,7;
2023/04/19;0600 UTC;0;928,5;928,5;928,3;;23,1;18,9;24;22,8;19,1;18,6;78;73;77;321;4,3;1,8;
2023/04/19;0700 UTC;0;928,6;928,7;928,5;;23,3;19,2;23,6;22,9;19,2;18,9;78;75;77;274;4,3;1,6;
2023/04/19;0800 UTC;0;928,7;928,7;928,5;;22,2;18,8;23,4;22,2;19,2;18,8;81;77;81;249;4,8;1,6;
2023/04/19;0900 UTC;0;929,5;929,5;928,7;;22;19,2;22,2;21,4;19,3;18,8;86;81;84;274;2,6;,7;
2023/04/19;1000 UTC;0;930,6;930,6;929,5;66,3;21,6;19,4;22,3;20,7;19,4;18,5;89;83;87;244;2,6;1,9;
2023/04/19;1100 UTC;0;931,1;931,2;930,6;535,2;24,4;19,8;24,4;21,6;19,8;19,4;87;75;76;317;5,2;2,7;
2023/04/19;1200 UTC;0;932,1;932,1;931,1;1088,5;25,1;20;25,3;24,4;20,2;19,5;76;72;73;293;9,6;5,6;
2023/04/19;1300 UTC;0;932,8;932,8;932,1;1762,4;26,2;19,9;26,6;24,9;20,4;19,7;74;67;69;278;10,1;5,2;
2023/04/19;1400 UTC;0;932,4;932,8;932,4;2260,7;28,3;20,7;28,3;26,2;20,7;19,7;69;62;64;270;9,3;4;
2023/04/19;1500 UTC;,4;931,9;932,4;931,9;1669,3;25,7;20,4;28,6;25,5;20,6;19,6;73;60;72;264;10,6;4,2;
2023/04/19;1600 UTC;0;930,9;931,9;930,9;2200,1;28,4;19,7;29,2;25,7;21,7;19,4;73;57;59;283;10,6;5,8;
2023/04/19;1700 UTC;0;929,8;930,9;929,8;1970,9;28,9;20,4;29,3;27;21;18,8;63;58;60;249;11,6;2,8;
2023/04/19;1800 UTC;7,4;930,1;931,1;929,7;745,2;23,9;20,9;28,9;21,2;21,1;18;88;60;83;277;12,6;2,1;
2023/04/19;1900 UTC;0;930,1;930,2;929,7;712,5;25,1;20,4;25,6;23,9;22;20,4;84;75;75;240;6,6;3,4;
2023/04/19;2000 UTC;0;931;931;930,1;299,2;24,6;20;25,1;24,4;20,4;19,9;78;74;76;218;7,1;3,7;
2023/04/19;2100 UTC;0;931,4;931,4;931;84,9;23,4;19,5;24,6;23,4;19,9;19,5;79;75;79;228;7,2;2,4;
2023/04/19;2200 UTC;0;932,2;932,2;931,3;;22,9;19,7;23,4;22,4;20,1;19,5;86;79;82;312;5;,6;
2023/04/19;2300 UTC;0;932,7;932,7;932,1;;23;19,7;23,1;22,9;19,8;19,5;82;81;82;269;4,3;,6;
2023/04/20;0000 UTC;0;933,3;933,3;932,7;;22,6;19,8;23;22,5;19,8;19,7;85;82;85;14;3,1;2,2;
2023/04/20;0100 UTC;0;933,1;933,3;933,1;;22,2;19,8;22,8;22,2;19,9;19,7;86;84;86;317;3,5;,5;
2023/04/20;0200 UTC;0;933,1;933,1;933,1;;22,1;19,7;22,2;22;19,9;19,7;87;86;87;257;4,9;1,8;
2023/04/20;0300 UTC;0;932,9;933,1;932,9;;21,7;19,6;22,2;21,5;19,7;19,5;89;85;88;160;4,7;,7;
2023/04/20;0400 UTC;0;933;933,3;932,9;;21,7;19,3;21,9;21,6;19,6;19,3;88;86;86;280;2,6;1,2;
2023/04/20;0500 UTC;0;932,5;933;932,4;;21,5;19,2;21,9;21,5;19,4;19,2;87;85;87;31;3,4;,5;
2023/04/20;0600 UTC;0;932;932,5;932;;21,2;19,3;21,5;21,1;19,4;19,1;89;87;89;179;1,9;,7;
2023/04/20;0700 UTC;0;932,2;932,2;931,9;;20,7;19,2;21,2;20,7;19,3;19,1;91;89;91;273;1,4;,6;
2023/04/20;0800 UTC;0;932,2;932,2;931,9;;20,5;19;21,2;20,4;19,4;18,8;91;89;91;242;2,5;2;
2023/04/20;0900 UTC;0;932,9;932,9;932,2;;21,3;19,3;21,6;20,5;19,8;19,1;91;87;89;248;2,5;1,6;
2023/04/20;1000 UTC;0;934;934;932,9;24,9;20,9;19,1;21,5;20,7;19,4;19;90;88;89;222;5,3;2,6;
2023/04/20;1100 UTC;0;934,8;934,8;934;593,9;22;18,4;22,1;20,9;19,1;18,4;89;80;80;178;5,7;2;
2023/04/20;1200 UTC;0;935,3;935,3;934,8;582;22,1;17,9;22,3;21,8;18,7;17,7;81;77;77;206;6;3;
2023/04/20;1300 UTC;0;935,8;935,8;935,3;1106,5;22,4;17,8;23,1;22;18,1;17,4;78;72;75;181;5,6;2,5;
2023/04/20;1400 UTC;0;935,7;935,8;935,6;961,4;22,9;17,9;23,1;22,3;18,5;17,6;77;73;74;148;4,9;2,7;
2023/04/20;1500 UTC;0;935,2;935,7;935,2;1113;22,9;17,7;24,7;22,7;18,9;16,9;76;66;72;168;5,5;2,6;
2023/04/20;1600 UTC;,2;934,3;935,2;934,3;1156;24,1;17,7;24,1;22,9;18,4;17,1;75;66;67;119;4,2;1,1;
2023/04/20;1700 UTC;0;933,6;934,3;933,6;1156,8;24,3;17,5;24,8;24;18,9;17;71;63;66;198;2,8;1,6;
2023/04/20;1800 UTC;0;932,9;933,6;932,9;1073;24,4;16,9;25,1;24,3;17,6;16,7;66;60;63;188;3,7;1,4;
2023/04/20;1900 UTC;0;932,6;932,9;932,6;852,2;24,3;16,8;25,2;24,3;17,8;16,1;65;60;63;187;3,6;1,5;
2023/04/20;2000 UTC;0;932,9;932,9;932,6;436,9;23,9;16,7;24,6;23,9;17;16;64;59;64;185;3;1,5;
2023/04/20;2100 UTC;0;932,8;932,9;932,8;75,5;23,5;15,8;23,9;23,1;17,5;15,8;69;62;62;206;2,7;1;
2023/04/20;2200 UTC;0;932,7;932,8;932,6;;22,6;13,8;23,4;22,3;15,8;13,8;65;58;58;215;3,8;2,5;
2023/04/20;2300 UTC;0;933,4;933,4;932,7;;22,3;13;22,8;22;13,8;12,6;60;53;56;236;4,3;2,1;
2023/04/21;0000 UTC;0;934,2;934,2;933,4;;21,9;11,9;22,4;21,4;13,5;11,9;60;53;53;213;3,8;1,2;
2023/04/21;0100 UTC;0;935;935;934,2;;20,7;13,9;21,9;20,6;13,9;11,4;65;51;65;6;2,3;1;
2023/04/21;0200 UTC;0;934,8;935;934,7;;19,8;12,6;20,8;17,8;14,3;12,4;79;62;63;244;3,2;1,3;
2023/04/21;0300 UTC;0;934,5;934,8;934,5;;18,6;13;20,2;18,6;13;11,6;70;58;70;221;2,4;1,6;
2023/04/21;0400 UTC;0;934;934,5;934;;19,6;11,6;20;18,6;13;11,4;70;58;60;215;3,1;1,4;
2023/04/21;0500 UTC;0;933,5;934;933,5;;18,8;11,8;19,8;18,8;11,9;11,4;64;59;63;228;3,3;1,6;
2023/04/21;0600 UTC;0;932,9;933,5;932,9;;18,8;11,5;19;18,6;11,9;11,4;64;62;62;229;3,3;1,9;
2023/04/21;0700 UTC;0;932,6;932,9;932,6;;18,4;11,9;18,9;18,2;12,1;11,5;67;62;66;241;3,3;1,8;
2023/04/21;0800 UTC;0;932,7;932,7;932,4;;18,3;12,4;18,5;17,6;12,7;11,9;72;66;68;235;3,2;2;
2023/04/21;0900 UTC;0;932,8;932,8;932,6;;18,4;12,4;18,4;18,1;12,5;12,3;70;68;68;222;3,3;1,2;
2023/04/21;1000 UTC;0;933,4;933,4;932,8;46,1;18,4;12,7;18,4;17,8;13,1;12,4;73;68;69;258;2,1;,7;
2023/04/21;1100 UTC;0;933,9;933,9;933,4;399,7;19,7;13;19,9;18,4;13,5;12,5;72;62;65;166;2,4;,9;
2023/04/21;1200 UTC;0;934,5;934,5;933,9;848,1;21,3;13,9;21,3;19,6;14;12,8;69;61;63;136;4;1,8;
2023/04/21;1300 UTC;0;935;935;934,5;2017,3;24,1;13,4;24,1;21,3;14,8;12,7;64;50;51;135;4,8;2,2;
2023/04/21;1400 UTC;0;935;935;934,9;2753,6;25,6;13,7;25,8;23,9;15,2;12;56;45;48;118;6,5;3,4;
2023/04/21;1500 UTC;0;934,3;935;934,3;2889,8;26,5;14,7;26,8;25,5;15,9;12,7;53;44;49;94;7;2,6;
2023/04/21;1600 UTC;0;933,2;934,3;933,2;2177;26,6;16,7;26,8;26;16,8;13,6;56;46;55;113;5,7;3,1;
2023/04/21;1700 UTC;0;932,6;933,2;932,6;2455,7;27,1;15,8;28,4;26,5;17,8;15,3;56;48;50;48;6,8;3,3;
2023/04/21;1800 UTC;0;932,1;932,6;932,1;2556,5;28,2;17,1;28,6;27;18,2;15,7;55;48;51;113;6,7;2,8;
2023/04/21;1900 UTC;0;931,7;932,1;931,7;1392,3;27,3;17,2;29;27,1;18,5;16,3;56;48;54;145;4,9;2;
2023/04/21;2000 UTC;0;932;932;931,7;529,1;26,5;17,6;27,3;26,5;18;16,6;59;52;58;144;4,1;1,5;
2023/04/21;2100 UTC;0;932,3;932,3;932;93,7;25,7;17,7;26,5;25,6;17,9;17,4;62;58;62;192;2,9;1,2;
2023/04/21;2200 UTC;0;932,6;932,6;932,3;;25,1;17,9;25,7;25;18,4;17,4;67;62;64;154;2,1;,6;
2023/04/21;2300 UTC;0;933,7;933,7;932,6;;23,5;19;25,1;23,4;19,6;17,8;77;65;76;105;5,7;2,8;
2023/04/22;0000 UTC;1;934,5;934,5;933,7;;21,7;19,9;23,5;21,7;19,9;18,9;90;76;90;36;7,1;3,7;
2023/04/22;0100 UTC;,6;934,9;934,9;934,5;;21,2;19,5;21,7;21,2;20;19,5;91;90;90;59;6,6;3,8;
2023/04/22;0200 UTC;0;935,2;935,2;934,9;;20,7;19;21,2;20,7;19,6;19;91;89;90;67;9;5,2;
2023/04/22;0300 UTC;0;935,3;935,4;935,1;;20,4;18,6;20,7;20,4;19;18,6;90;89;89;68;7,9;3,2;
2023/04/22;0400 UTC;0;934,9;935,4;934,9;;20,2;18,5;20,4;20,2;18,6;18,5;91;89;90;71;5,2;2,2;
2023/04/22;0500 UTC;0;934,3;934,9;934,3;;20,1;18,6;20,2;20;18,6;18,3;91;89;91;110;4,9;1,5;
2023/04/22;0600 UTC;0;934,1;934,3;933,9;;20;18,3;20,1;19,9;18,6;18,3;91;90;90;86;3,6;1,7;
2023/04/22;0700 UTC;0;933,5;934,1;933,5;;19,7;18,1;20;19,7;18,3;18,1;91;90;90;65;4,5;3,1;
2023/04/22;0800 UTC;0;933,8;933,9;933,5;;19,5;18;19,7;19,4;18,1;18;91;90;91;132;4,5;,9;
2023/04/22;0900 UTC;0;934,7;934,7;933,8;;19,8;18;19,8;19,4;18,1;17,9;91;89;89;16;3;1,1;
2023/04/22;1000 UTC;0;935,7;935,7;934,7;24,7;20;18,2;20;19,8;18,3;18;90;89;90;67;3,4;1,3;
2023/04/22;1100 UTC;0;936,3;936,3;935,7;179,8;20,3;18,3;20,3;20;18,5;18,3;90;89;89;61;4,2;2,4;
2023/04/22;1200 UTC;0;936,4;936,5;936,3;503,4;21,1;18,2;21,2;20,3;18,8;18,1;89;83;84;72;5,2;3,1;
2023/04/22;1300 UTC;0;937;937;936,4;910,5;21,5;16,9;22,2;21,1;18,5;16,9;84;74;75;76;8,9;4,8;
2023/04/22;1400 UTC;0;936,8;937;936,8;945,2;22,4;17,2;22,6;21,4;17,6;16,7;77;72;73;75;9,5;4,3;
2023/04/22;1500 UTC;0;936,1;936,8;936,1;1051,6;22,4;17,2;22,7;21,8;17,7;16,8;75;71;72;89;8,1;4,2;
2023/04/22;1600 UTC;0;935,5;936,1;935,5;1113,1;22,9;17,7;23,2;22,4;17,7;16,7;74;68;73;88;8,1;3,5;
2023/04/22;1700 UTC;,2;934,8;935,5;934,8;1183;23,6;17,1;23,7;22,7;17,9;16,5;73;66;67;71;5,9;2,9;
2023/04/22;1800 UTC;0;934,5;934,8;934,5;2103,1;24,3;17,6;24,9;23,6;18,3;16,8;69;63;66;79;5,3;2,6;
2023/04/22;1900 UTC;0;934;934,5;934;789,4;23,5;17,7;24,4;23,5;18,3;17,2;71;65;70;122;5;2,6;
2023/04/22;2000 UTC;0;933,7;934;933,7;492,3;23,5;18;23,5;23;18,6;17,6;75;70;71;127;4,6;2;
2023/04/22;2100 UTC;0;933,8;933,9;933,7;238,1;21,6;17,8;23,5;21,6;18,3;17,5;79;70;79;127;4,5;2;
2023/04/22;2200 UTC;0;934,2;934,2;933,8;;21;17,5;21,6;20,9;17,9;17,5;82;79;80;128;4,3;1,8;
2023/04/22;2300 UTC;0;934,7;934,7;934,1;;20,5;17,4;21,1;20,5;17,6;17,3;82;80;82;232;3,6;1,1;
2023/04/23;0000 UTC;0;935,1;935,1;934,7;;20,6;17,5;20,9;20,5;17,6;17,4;83;81;82;137;2,9;1,8;
2023/04/23;0100 UTC;0;935,1;935,2;935;;20,5;17,4;20,8;20,4;17,5;17,2;82;80;82;190;3,3;1,3;
2023/04/23;0200 UTC;0;935,4;935,4;935;;20,6;16,7;20,8;20,3;17,4;16,6;83;77;78;202;3,7;1,6;
2023/04/23;0300 UTC;0;935,4;935,6;935,4;;20,5;16,8;20,7;20,5;16,9;16,7;80;78;79;188;3,9;1,8;
2023/04/23;0400 UTC;0;935,1;935,4;935,1;;20,5;16,5;20,7;20,5;16,9;16,5;80;77;78;147;3,9;2;
2023/04/23;0500 UTC;0;934,8;935,1;934,8;;20,2;16,4;20,5;20,1;16,6;16,4;79;78;79;144;3,8;1,7;
2023/04/23;0600 UTC;0;934,8;934,8;934,7;;19,4;16,4;20,2;19,4;16,5;16,4;83;79;83;158;3,3;1,2;
2023/04/23;0700 UTC;0;935;935;934,8;;19,2;16,3;19,4;19,2;16,4;16,3;83;82;83;160;3;1,1;
2023/04/23;0800 UTC;0;934,8;935;934,7;;18,7;16,1;19,2;18,7;16,4;16;85;83;85;203;2,6;1,1;
2023/04/23;0900 UTC;0;935,6;935,6;934,8;;18,2;16,1;18,8;18,2;16,3;16,1;88;85;88;154;2,5;1,1;
2023/04/23;1000 UTC;0;936,8;936,8;935,6;43,2;18,5;16;18,6;18,2;16,2;16;88;85;86;139;3;1,7;
2023/04/23;1100 UTC;0;937,2;937,2;936,8;590,6;20,6;16,5;20,6;18,2;16,8;15,9;88;77;78;118;3;1,4;
2023/04/23;1200 UTC;0;937,4;937,4;937,2;1593,2;22,6;17,1;22,6;20,6;17,5;16,4;78;69;71;82;6,1;3,2;
2023/04/23;1300 UTC;0;937,4;937,5;937,4;2229,1;24,3;17,1;24,5;22,1;18,1;16,5;74;62;64;66;7,5;4;
2023/04/23;1400 UTC;0;936,9;937,4;936,9;2975,8;25,3;17,3;25,7;24;18;16;66;58;61;80;7,5;3,5;
2023/04/23;1500 UTC;0;935,8;936,9;935,8;3124,8;26,2;16,9;26,4;24,9;18,1;16;64;55;57;66;7,4;2,9;
2023/04/23;1600 UTC;0;935,1;935,8;935,1;2537,5;26,1;16,7;27,3;25,5;18;15,9;59;52;56;106;7;2,1;
2023/04/23;1700 UTC;0;934,2;935,1;934,2;2566;27,8;17,4;28;26,1;18,5;15,7;61;49;53;70;5,5;2;
2023/04/23;1800 UTC;0;933,8;934,2;933,8;1383,9;26,7;17,1;28,1;26,1;18,4;16,1;62;49;56;125;5,9;2,2;
2023/04/23;1900 UTC;0;933,9;933,9;933,7;918,6;26,4;17,4;28;26,3;17,8;15,8;59;49;58;134;5,1;2,2;
2023/04/23;2000 UTC;0;934,2;934,2;933,9;692,2;26,5;17,2;28;26,3;17,8;16,1;59;49;57;139;4,1;1,7;
2023/04/23;2100 UTC;0;934,2;934,3;934,1;171,6;25,3;17,4;26,5;25,3;17,5;17,2;62;56;62;178;2,6;1;
2023/04/23;2200 UTC;0;934,4;934,4;934,2;;23;17,5;25,3;23;18;17,3;73;61;71;222;2,5;1,5;
2023/04/23;2300 UTC;0;934,8;934,8;934,4;;23;17,1;23;22,8;17,5;17;71;69;70;205;2,3;,7;
2023/04/24;0000 UTC;0;935,3;935,3;934,8;;23,3;17,3;23,4;22,5;17,6;16,9;73;69;69;176;3,7;2,2;
2023/04/24;0100 UTC;0;935,7;935,7;935,3;;22,4;17,4;23,3;22,4;17,5;17,2;74;69;73;165;3,8;2,2;
2023/04/24;0200 UTC;0;936,2;936,2;935,7;;21,5;17,9;22,4;21,5;17,9;17,3;80;73;80;118;12,5;2,1;
2023/04/24;0300 UTC;0;936,5;936,5;936,2;;21,8;17,9;21,8;21,4;17,9;17,8;80;79;79;90;4,7;2,6;
2023/04/24;0400 UTC;0;936,4;936,5;936,4;;21,7;16,5;22,3;21,7;17,9;16,5;79;72;72;69;7,3;3,2;
2023/04/24;0500 UTC;0;936;936,4;936;;21,3;15,8;21,7;21,2;16,4;15,8;72;71;71;58;7;3,2;
2023/04/24;0600 UTC;0;935,7;936;935,7;;21,1;15,5;21,3;20,9;15,8;15,5;72;70;70;49;6,1;3,6;
2023/04/24;0700 UTC;0;935,7;935,8;935,7;;20,6;15,5;21,2;20,6;15,6;15,3;73;69;73;69;6,4;2,9;
2023/04/24;0800 UTC;0;935,9;936;935,7;;20,1;16,1;20,6;20,1;16,1;15,5;78;73;78;92;5,2;1,8;
2023/04/24;0900 UTC;0;936,4;936,4;935,9;;19,3;15,9;20,1;19,3;16,2;15,9;82;78;80;74;3,4;2;
2023/04/24;1000 UTC;0;937,1;937,1;936,4;35,1;19,5;15,5;19,5;19,2;16;15,5;81;78;78;86;4,7;2,7;
2023/04/24;1100 UTC;0;937,4;937,4;937,1;472,5;22;16,3;22,1;19,5;16,7;15,4;78;69;70;95;6,2;2,5;
2023/04/24;1200 UTC;0;937,8;937,9;937,4;1532,4;23,2;16,7;23,3;21,9;16,8;15,7;71;64;67;72;8,8;4,7;
2023/04/24;1300 UTC;0;938;938;937,7;2194,3;25,1;16,8;25,2;23,2;17,4;16;67;60;60;86;8,2;4,3;
2023/04/24;1400 UTC;0;937,7;938;937,6;2613;25,5;17;25,5;24,2;17,4;15,9;64;58;59;86;8,5;4,6;
2023/04/24;1500 UTC;0;937,1;937,7;937,1;2899;25,8;17,2;26,5;25,2;17,7;16,2;61;55;59;107;7,5;3,3;
2023/04/24;1600 UTC;0;936,2;937,1;936,2;3001,1;27;16,9;27,6;25,9;18,2;15,8;59;51;54;92;7,2;3,7;
2023/04/24;1700 UTC;0;935,4;936,2;935,4;2375,4;27;16,6;28;26,1;18,1;15,9;57;50;53;110;6,9;2,9;
2023/04/24;1800 UTC;0;934,9;935,4;934,9;2129,3;28;16,3;28,4;26,7;17,9;15,4;56;47;49;84;6,3;3,1;
2023/04/24;1900 UTC;0;935;935;934,8;1108,8;27,8;16,5;28;26,1;18,1;15,6;59;48;50;125;6,6;1,2;
2023/04/24;2000 UTC;0;935;935;934,9;637,9;26;17,2;27,8;25,9;17,6;15,6;60;49;58;116;5,9;1,7;
2023/04/24;2100 UTC;0;934,9;935;934,9;108,7;25,2;16,9;26;25,2;17,6;16,9;62;58;60;155;2,9;,6;
2023/04/24;2200 UTC;0;935,1;935,1;934,9;;24,4;17,5;25,2;24,1;18,1;16,8;68;60;66;206;1,7;,5;
2023/04/24;2300 UTC;0;935,7;935,7;935,1;;24,4;17;24,5;23,5;18;16,8;70;63;63;188;1,9;,7;
2023/04/25;0000 UTC;0;936;936;935,7;;23,4;17,6;24,4;23,2;18,3;17,3;74;63;70;174;2,6;1,3;
2023/04/25;0100 UTC;0;936,1;936,1;936;;22,5;17,4;23,8;22,3;17,7;17,1;74;67;73;140;3;1,5;
2023/04/25;0200 UTC;0;936,2;936,2;936;;22,7;16,8;22,9;22,5;17,4;16,7;73;69;69;135;4;2,3;
2023/04/25;0300 UTC;0;936,4;936,4;936,2;;22,4;16,5;22,7;22,3;16,8;16,4;71;69;70;104;3,9;2;
2023/04/25;0400 UTC;0;936,4;936,5;936,3;;21,9;16,5;22,4;21,9;16,6;16,4;71;69;71;104;4,9;2,8;
2023/04/25;0500 UTC;0;936,1;936,4;936,1;;21,7;16,4;22;21,4;16,7;16,4;73;71;72;168;4,9;1;
2023/04/25;0600 UTC;0;935,8;936,1;935,8;;20,5;16,4;21,7;20,4;16,5;16,4;78;72;77;99;3,5;2,1;
2023/04/25;0700 UTC;0;935,9;935,9;935,8;;19,8;16,3;20,4;19,8;16,5;16,3;81;77;80;86;4;1,6;
2023/04/25;0800 UTC;0;935,9;935,9;935,7;;20,1;16,1;20,2;19,7;16,4;16,1;80;78;78;21;2,9;1,3;
2023/04/25;0900 UTC;0;936,4;936,4;935,9;;19,5;16;20,3;19,5;16,2;16;81;78;80;20;3,2;,9;
2023/04/25;1000 UTC;0;937,2;937,2;936,4;40,3;19,9;16,1;19,9;19,1;16,2;15,9;82;79;79;132;2,4;,4;
2023/04/25;1100 UTC;0;938,2;938,2;937,2;544;21,2;16,3;21,6;19,9;16,9;15,7;79;71;74;126;3;1;
2023/04/25;1200 UTC;0;938,7;938,7;938,2;603,3;21,8;16,6;22;21,1;17,5;16,4;78;71;72;117;3,5;2,5;
2023/04/25;1300 UTC;0;939;939,1;938,7;1055,3;23,2;16,6;23,4;21,8;17,2;16,3;74;66;67;110;4,4;2,6;
2023/04/25;1400 UTC;0;938,3;939;938,3;2386,5;24,6;16,3;25;23,1;17,8;15,8;67;58;60;48;6,2;3,8;
2023/04/25;1500 UTC;0;937,2;938,3;937,2;3137,6;26,5;17,1;26,5;24,2;17,5;15,8;63;54;56;92;6,6;3,5;
2023/04/25;1600 UTC;0;936,4;937,2;936,4;3233,4;27,6;16,8;27,7;26,3;18,2;16,1;59;51;52;70;6,8;2,7;
2023/04/25;1700 UTC;0;935,7;936,4;935,7;2114,5;28;17,7;28,2;26,5;18,2;16,3;57;50;54;114;6,1;1,5;
2023/04/25;1800 UTC;0;935,3;935,7;935,2;2197,4;28;17,3;29;27;18,2;15,8;56;47;52;147;6;2,7;
2023/04/25;1900 UTC;0;935,1;935,3;935;1222,7;27,2;17,1;28,8;26,5;17,9;15,9;58;49;54;141;6;1,9;
2023/04/25;2000 UTC;0;935;935,1;934,9;852,5;27,3;17;28;27;17,7;16,5;55;50;53;111;3,9;2,3;
2023/04/25;2100 UTC;0;934,9;935,1;934,9;206,5;24,9;17,5;27,3;24,9;17,8;16,8;64;53;64;146;3,5;1,1;
2023/04/25;2200 UTC;0;935;935,1;934,9;;23,8;17,4;25;23,8;17,6;17,2;68;63;67;225;2,1;1,3;
2023/04/25;2300 UTC;0;935,2;935,2;934,9;;23,1;17,6;24,2;23,1;17,6;17;71;65;71;89;2;,3;
2023/04/26;0000 UTC;0;935,4;935,4;935,1;;22,1;16,8;23,4;22,1;17,6;16,8;72;68;72;227;1,6;1,1;
2023/04/26;0100 UTC;0;935,8;935,8;935,4;;22,1;17,4;22,7;21,8;17,5;16,8;75;70;75;301;1,6;,3;
2023/04/26;0200 UTC;0;935,9;936;935,8;;21,2;17,1;22,1;21,2;17,5;16,8;78;73;78;288;1;,2;
2023/04/26;0300 UTC;0;935,5;935,9;935,5;;19,9;16,4;21,3;19,8;17,6;16,3;81;78;80;211;1,5;,8;
2023/04/26;0400 UTC;0;935,6;935,6;935,5;;20,9;16,4;21,3;19,9;16,6;16,2;80;74;75;234;2,8;1,7;
2023/04/26;0500 UTC;0;935,4;935,7;935,3;;20,5;16,3;21,5;20,2;16,5;15,9;78;73;77;31;2,1;,9;
2023/04/26;0600 UTC;0;935,1;935,4;935,1;;19,9;16,1;20,5;19,9;16,4;16;79;77;79;237;1,6;1,2;
2023/04/26;0700 UTC;0;935,1;935,1;934,8;;19;15,9;19,9;18,9;16,2;15,6;82;79;82;242;2,2;2;
2023/04/26;0800 UTC;0;935;935,2;935;;18,6;15,9;19,6;18,6;16,2;15,7;84;80;84;348;2,7;,9;
2023/04/26;0900 UTC;0;935,3;935,4;935;;19,2;16,1;19,2;18,2;16,3;15,7;86;82;82;39;2,2;1,1;
2023/04/26;1000 UTC;0;936;936;935,3;35,7;19,2;16,1;19,2;18;16,2;15,3;86;82;82;251;2,2;1,2;
2023/04/26;1100 UTC;0;936,7;936,7;936;688;22,7;17,1;22,7;19,2;17,2;16,1;82;70;71;88;3,4;1,8;
2023/04/26;1200 UTC;0;937,2;937,2;936,7;1551;23,2;16,8;23,8;22,5;17,7;16,4;72;65;67;22;6,2;3,8;
2023/04/26;1300 UTC;0;937,2;937,3;937,2;2298,8;25,2;17,9;25,2;23,3;18;16,4;68;63;64;46;7,2;3,5;
2023/04/26;1400 UTC;0;936,5;937,2;936,5;2782,2;25,8;17,6;26,1;25;18,2;17,2;64;59;61;26;8,9;5,5;
2023/04/26;1500 UTC;0;935,5;936,5;935,5;3193,6;26,3;17,2;26,8;25,5;18,3;17,1;62;56;57;26;8,7;5;
2023/04/26;1600 UTC;0;934,7;935,5;934,7;3231,7;27,8;17,3;28,5;26,3;18,5;17;59;52;53;60;8,7;2,6;
2023/04/26;1700 UTC;0;933,8;934,7;933,8;3064,9;29;17,9;29;27,6;18,5;16,1;56;48;51;57;5,7;2,3;
2023/04/26;1800 UTC;0;933,4;933,8;933,4;2435,3;29,2;17,4;30,2;27,7;18,3;15,9;52;46;49;101;5,4;2,3;
2023/04/26;1900 UTC;0;933,1;933,4;933;1738,5;28;16,9;29,6;28;17,8;15,9;51;45;51;82;6,6;1,3;
2023/04/26;2000 UTC;0;933,1;933,1;933;668,7;27,9;17,8;28,9;27,8;18;16,1;54;48;54;105;4,2;2,3;
2023/04/26;2100 UTC;0;933,4;933,4;933,1;199,2;26;17,9;27,9;25,9;18,2;17,5;61;54;61;115;3,5;1,1;
2023/04/26;2200 UTC;0;933,5;933,6;933,3;;24,4;17,8;26;24;18,4;17,5;71;60;67;220;2,6;1,2;
2023/04/26;2300 UTC;0;933,9;933,9;933,5;;23,7;17,5;24,4;23,4;18,3;17,5;72;67;68;223;1,6;,7;
2023/04/27;0000 UTC;0;934,3;934,3;933,9;;22,8;17,7;23,9;22,2;17,8;17;75;67;73;241;2,1;,5;
2023/04/27;0100 UTC;0;934,4;934,5;934,3;;22,4;17,6;23,1;22,1;18;17,2;75;70;74;258;1,5;,5;
2023/04/27;0200 UTC;0;934,2;934,4;934,2;;21,3;17,6;22,5;21,2;17,9;17;80;73;80;9;2,1;,5;
2023/04/27;0300 UTC;0;934,1;934,3;934,1;;21,8;17,2;22,1;20,9;18,1;16,9;80;75;75;257;1,8;,9;
2023/04/27;0400 UTC;0;933,7;934,1;933,7;;21,2;17;22,5;20,5;17,7;16,4;81;72;77;238;3,5;2,6;
2023/04/27;0500 UTC;0;933,4;933,7;933,4;;20,3;17,4;21,6;19,6;17,5;16,2;85;77;84;290;3,7;,7;
2023/04/27;0600 UTC;0;933,3;933,4;933,3;;20,6;17,5;21;19;17,8;16,3;87;80;82;213;2,6;1,2;
2023/04/27;0700 UTC;0;933,4;933,5;933,3;;20,9;17,6;20,9;19,5;17,7;16,5;85;80;82;253;2,4;1,4;
2023/04/27;0800 UTC;0;933,5;933,5;933,4;;20,4;17,6;21,2;20,3;17,8;17,4;84;80;84;218;1,9;,8;
2023/04/27;0900 UTC;0;933,7;933,7;933,5;;20,7;17,2;21;20,4;17,8;17,2;84;80;80;224;1,7;1,4;
2023/04/27;1000 UTC;0;934,4;934,4;933,7;36;19,5;16,8;20,7;19,4;17,4;16,7;85;80;85;229;2,7;1,8;
2023/04/27;1100 UTC;0;934,6;934,6;934,4;670,9;23,1;17,5;23,1;19,5;17,6;16,9;85;71;71;35;2,7;1;
2023/04/27;1200 UTC;0;934,8;934,8;934,6;1511,3;24,8;18,1;24,8;23,1;18,3;17;70;65;67;138;2,7;1;
2023/04/27;1300 UTC;0;935;935,1;934,8;2236,1;25,9;18,3;26,4;24,8;18,7;17,3;68;60;63;355;3,6;1,7;
2023/04/27;1400 UTC;0;934,6;935,1;934,5;2767,9;27,2;16,8;27,9;25,9;19,2;16,8;63;53;53;28;3,8;1,6;
2023/04/27;1500 UTC;0;933,8;934,5;933,8;3137,7;27,9;16,1;28,9;27,2;18,6;15,9;57;46;49;324;4,7;1,7;
2023/04/27;1600 UTC;0;933,1;933,8;933,1;2404,5;28,5;16,9;29,2;27,9;17,8;15,6;51;46;49;205;5;,8;
2023/04/27;1700 UTC;0;932,1;933,1;932,1;2212,9;29;16,7;30,2;28,1;17,5;15,7;51;44;48;177;3,5;2;
2023/04/27;1800 UTC;0;931,2;932,1;931,2;2033,8;30,1;17,5;30,3;28,5;18,3;15,9;51;44;47;149;4,5;1,9;
2023/04/27;1900 UTC;0;931,2;931,2;931,2;1710,7;30;17,1;30,4;29,4;17,7;16,1;48;43;46;169;4;1;
2023/04/27;2000 UTC;0;931,5;931,5;931,2;855,1;29,6;16,6;30,7;29,6;17,2;16;46;42;46;309;3,5;2,3;
2023/04/27;2100 UTC;0;931,7;931,7;931,4;146,4;27,9;17,4;29,7;27,9;17,4;16,2;53;45;53;345;3,5;1,3;
2023/04/27;2200 UTC;0;931,8;931,8;931,7;;25,1;18,3;27,9;25;19,1;17,3;67;53;66;312;3,4;,8;
2023/04/27;2300 UTC;0;932,6;932,6;931,8;;25;18,5;26,3;24,3;19,4;17,8;73;60;67;15;1,8;,8;
2023/04/28;0000 UTC;0;933,2;933,2;932,5;;22,9;18,9;25,7;22,8;18,9;18,1;78;64;78;38;1,8;1,1;
2023/04/28;0100 UTC;0;933,5;933,5;933,2;;24,2;16,9;24,4;21,9;19,3;16,9;78;63;64;217;2,5;1,5;
2023/04/28;0200 UTC;0;933,5;933,6;933,5;;23,6;17,8;24,6;23,2;17,9;16,7;72;62;70;159;2;,5;
2023/04/28;0300 UTC;0;933,3;933,6;933,2;;23,1;17,8;24,2;22,8;18,2;17,3;76;65;72;357;2,5;1,1;
2023/04/28;0400 UTC;0;932,8;933,3;932,8;;22,2;18;23,4;22,2;18,2;17,6;77;71;77;306;2,8;,9;
2023/04/28;0500 UTC;0;932,6;932,8;932,5;;23,1;17,9;23,2;21,1;18,2;17,3;80;72;72;266;5,3;2,1;
2023/04/28;0600 UTC;0;932,8;932,8;932,6;;21,1;17,7;23,1;21,1;18;17,5;81;72;81;151;5,3;1,1;
2023/04/28;0700 UTC;0;932,6;932,9;932,6;;21,3;17,7;22;21,1;18;17,7;81;78;80;242;2,8;1,4;
2023/04/28;0800 UTC;0;932,8;932,8;932,5;;21,8;17,8;21,8;20,9;17,9;17,5;82;78;78;265;3;1,8;
2023/04/28;0900 UTC;0;933,6;933,6;932,8;;20,7;17,9;21,8;19,7;18,2;16,9;86;78;84;118;2,9;,8;
2023/04/28;1000 UTC;0;934,3;934,3;933,6;36,4;21,6;18;21,9;20,7;18,1;17,8;84;79;80;202;1,7;,8;
2023/04/28;1100 UTC;0;935;935;934,3;372,8;22,9;18,3;23;21,4;18,8;17,8;81;75;75;40;2,4;1,6;
2023/04/28;1200 UTC;0;935,8;935,8;935;670,6;23,1;18,9;23,7;22,9;19;18;78;73;77;341;2,6;1,3;
2023/04/28;1300 UTC;0;936;936,1;935,8;1107,1;24,9;19,3;25,1;23;20,4;18,5;80;71;71;18;2,9;1,2;
2023/04/28;1400 UTC;0;935,4;936;935,4;2726;27,5;19,8;27,7;24,8;20,1;18,4;72;60;63;139;3,6;1,6;
2023/04/28;1500 UTC;0;934,5;935,4;934,5;2960,9;28,7;19,4;28,7;27,2;20;17,6;63;54;57;118;3,7;2;
2023/04/28;1600 UTC;0;933,5;934,5;933,5;2590,7;29,1;17,3;30,1;28;20;17,3;58;49;49;132;4,1;1,7;
2023/04/28;1700 UTC;0;932,7;933,5;932,6;1727,4;28,3;18,8;30,3;28,2;19,3;17,3;56;49;56;332;7,3;4,9;
2023/04/28;1800 UTC;0;932,5;932,8;932,3;1117,7;25,4;18,7;28,9;25,4;20;18;67;56;67;248;9,7;3,8;
2023/04/28;1900 UTC;0;933;933;932,4;828,9;25,7;18,6;26,1;24,2;19,1;18,2;70;63;65;207;9,7;1,4;
2023/04/28;2000 UTC;2,6;933,6;933,7;933;124,1;21,9;18,2;25,7;21,6;19,1;17,4;82;65;80;264;9,9;2;
2023/04/28;2100 UTC;0;933,7;933,9;933,6;124,2;22,5;18,1;23;21,8;18,7;17,4;81;71;76;333;4,7;,7;
2023/04/28;2200 UTC;0;933,7;933,9;933,6;,1;22,4;18,1;22,7;21,3;19;17,4;82;75;77;6;2,8;1,9;
2023/04/28;2300 UTC;0;934,3;934,3;933,7;;20,8;18;22,9;20,2;18,7;17,7;89;72;84;262;2,8;,9;
2023/04/29;0000 UTC;0;934,6;934,7;934,3;;20,3;17,7;22,1;20,2;18,4;17,4;85;77;85;256;2,3;1,3;
2023/04/29;0100 UTC;0;934,6;934,8;934,6;;20,6;17,8;21,9;19,2;17,9;16,9;88;77;84;168;3,2;1,3;
2023/04/29;0200 UTC;0;934,9;934,9;934,5;;19,6;17;21,4;19,6;17,8;16,9;85;79;85;134;3,6;1,3;
2023/04/29;0300 UTC;0;934,7;934,9;934,6;;21;17,7;21,1;19,6;17,8;17,1;86;81;81;323;2,1;1,3;
2023/04/29;0400 UTC;0;934,5;934,8;934,5;;19,6;17,4;21;19,6;17,9;17,1;87;81;87;246;2,1;,6;
2023/04/29;0500 UTC;0;934;934,5;934;;20;17,6;20,2;19,5;17,8;17,3;88;86;86;18;2;1,2;
2023/04/29;0600 UTC;0;933,9;934,1;933,9;;20,2;17,9;20,2;18,9;18,1;17;90;86;86;261;1,9;1,3;
2023/04/29;0700 UTC;0;933,8;933,9;933,7;;19,8;17,3;20,6;19,7;17,9;17,1;86;84;86;201;2,4;1;
2023/04/29;0800 UTC;0;934;934;933,7;;19,7;17,7;19,9;19,4;17,8;17,2;89;86;88;214;4,3;1,4;
2023/04/29;0900 UTC;0;934,4;934,4;934;;20,1;17,9;20,1;19,5;18;17,4;89;87;87;232;2,2;1,4;
2023/04/29;1000 UTC;0;935;935;934,4;33,4;20,4;18,1;20,4;19,7;18,1;17,5;88;86;87;48;2,6;,6;
2023/04/29;1100 UTC;0;935,7;935,7;935;654,7;23;18,4;23,2;20,4;18,7;17,8;87;73;75;124;2,1;1,2;
2023/04/29;1200 UTC;0;936,1;936,1;935,7;1502,1;24,4;18,7;25,1;22,9;19,8;18,3;79;69;71;148;3,3;1,8;
2023/04/29;1300 UTC;0;936,6;936,6;936,1;2227,2;25,5;19,3;25,8;24,3;20,3;18,5;74;66;69;141;5,8;1,9;
2023/04/29;1400 UTC;,2;936,3;936,6;936,3;2761,4;26,8;19,2;27,6;25,1;20,1;18,2;70;58;63;227;4,2;1,2;
2023/04/29;1500 UTC;0;935,6;936,3;935,6;3275,8;28,6;19,2;28,9;26,7;20,5;18,5;65;55;57;124;5,1;2,1;
2023/04/29;1600 UTC;0;934,6;935,6;934,6;2591,5;28,9;17,7;29,4;27,5;19,7;17,3;60;49;51;136;5,1;1,5;
2023/04/29;1700 UTC;0;933,4;934,6;933,4;2366,3;28,6;17,8;31,2;28,6;19,7;16,7;56;47;52;246;3,8;1,2;
2023/04/29;1800 UTC;0;932,6;933,4;932,6;1825,2;30,4;18,5;30,4;28,6;19,1;16,8;53;46;49;119;3,1;1,2;
2023/04/29;1900 UTC;0;932,4;932,6;932,4;2110,3;30,3;17,3;31,1;30,1;19;16,6;50;43;46;126;3,9;1;
2023/04/29;2000 UTC;0;932,5;932,6;932,4;764,2;29,2;17,1;30,6;29,2;19;16,8;52;44;48;132;3,5;,7;
2023/04/29;2100 UTC;0;933,2;933,2;932,5;193,4;26,5;18,6;29,2;26,3;19,2;17,3;63;48;62;227;4,9;1,5;
2023/04/29;2200 UTC;0;933,8;933,8;933,2;;24,9;18,5;26,5;24,8;18,7;18,2;68;61;68;273;3,1;1,2;
2023/04/29;2300 UTC;0;933,9;933,9;933,6;;24,8;17,9;25,8;24;18,6;17,6;70;63;65;263;2,4;1,1;
2023/04/30;0000 UTC;0;934,3;934,4;934;;23,3;18,5;24,9;23,1;19,1;17,8;77;65;74;29;3,1;,6;
2023/04/30;0100 UTC;0;935;935,1;934,3;;23,7;18,2;23,8;22,1;18,9;18,1;79;71;71;256;5,7;1,8;
2023/04/30;0200 UTC;0;934,9;935,1;934,8;;22,1;18,5;23,9;21,8;18,6;18;81;70;80;156;3,9;1,2;
2023/04/30;0300 UTC;0;935;935;934,9;;22,4;18;22,4;21,4;18,5;17,9;82;76;76;217;3,3;1,5;
2023/04/30;0400 UTC;0;935,2;935,3;935;;22,2;18,3;22,5;21,4;18,4;17,8;81;76;79;47;4;2,4;
2023/04/30;0500 UTC;0;934,8;935,2;934,8;;21,2;18,2;22,2;21,2;18,3;18,1;83;79;83;63;4,1;2,2;
2023/04/30;0600 UTC;0;934,6;934,8;934,6;;20,1;18;21,2;20,1;18,2;18;88;83;88;93;4,1;1,4;
2023/04/30;0700 UTC;0;934,4;934,7;934,4;;19,6;17,7;20,4;19,6;18,5;17,7;90;87;88;218;2,1;,6;
2023/04/30;0800 UTC;0;934,5;934,5;934,2;;19,1;17,6;20;19,1;18,4;17,6;91;88;91;119;1,4;,8;
2023/04/30;0900 UTC;0;935,1;935,1;934,5;;19,4;17,8;19,5;19;18;17,5;91;91;91;116;2,2;,9;
2023/04/30;1000 UTC;0;935,9;935,9;935,1;14,8;20,1;17,9;20,1;19,4;18;17,8;91;87;87;40;4,6;2,7;
2023/04/30;1100 UTC;0;936,3;936,3;935,9;305,9;21,1;18,7;21,1;20,1;18,7;17,9;88;86;86;32;4,6;1,7;
2023/04/30;1200 UTC;0;936,9;936,9;936,3;1249,5;23,4;18,6;23,4;21,1;18,9;18,1;86;74;75;359;5,8;2,7;
2023/04/30;1300 UTC;0;937,2;937,2;936,9;2244,8;25;18,2;25,1;22,9;18,8;17,9;75;65;66;45;7,5;4,1;
2023/04/30;1400 UTC;0;936,7;937,2;936,7;2809,3;26,2;18,7;26,8;25;19,2;17,7;66;61;64;35;7,5;3,2;
2023/04/30;1500 UTC;0;935,8;936,7;935,8;3112,2;26,9;18,5;27,7;26,1;19,2;17,6;64;56;60;27;7;2,4;
2023/04/30;1600 UTC;0;934,8;935,8;934,8;2818,7;27,9;18,1;28,7;26,9;19,4;17,5;61;54;55;9;6,4;2,9;
2023/04/30;1700 UTC;0;933,5;934,8;933,5;1183,6;27,2;17,7;29,1;26,9;18,8;17,4;59;52;56;65;6;2,3;
2023/04/30;1800 UTC;0;932,4;933,6;932,4;882,2;25,4;18,5;28,8;25,4;18,6;16,7;66;50;66;7;7,9;5,1;
2023/04/30;1900 UTC;,4;934,4;934,4;932,4;109,8;21;17,3;25,4;21;18,7;15,6;83;62;79;216;16,9;4,5;
2023/04/30;2000 UTC;0;932,9;934,5;932,6;485,5;21,5;16,3;21,8;19,4;17,2;16,3;86;72;73;240;12;2,1;
2023/04/30;2100 UTC;0;933,6;933,6;932,8;258,9;21,2;17,7;23,2;21,2;18;16,5;80;71;80;130;4,8;2,3;
2023/04/30;2200 UTC;0;934,5;934,5;933,5;;19,9;16,1;21,2;19,9;17,6;15,5;81;72;79;268;6,2;1,3;
2023/04/30;2300 UTC;0;935,6;935,6;934,5;;19,2;16,7;20,6;19,1;16,7;15,8;85;74;85;192;1,9;,7;
2023/05/01;0000 UTC;0;936,2;936,2;935,6;;19;15,6;19,2;18,5;16,8;15,3;88;81;81;174;6,3;,7;
2023/05/01;0100 UTC;0;936;936,5;936;;19,5;15,1;19,5;18,6;15,6;15,1;82;76;76;16;2,1;1,2;
2023/05/01;0200 UTC;0;935,9;936,1;935,9;;19,3;14,7;19,5;19,2;15,2;14,7;78;74;75;357;2,2;1,1;
2023/05/01;0300 UTC;0;935,7;936;935,7;;17,1;14,5;19,3;16,9;14,9;14;85;75;85;270;2,6;1,5;
2023/05/01;0400 UTC;0;935,3;935,7;935,3;;16,7;14,4;18,1;16,5;15,1;13,9;87;82;86;187;2,1;1,3;
2023/05/01;0500 UTC;0;934,8;935,3;934,8;;16,2;14,2;17,1;16,1;14,8;13,8;88;85;88;246;1,9;1,4;
2023/05/01;0600 UTC;0;934,8;934,8;934,7;;15,9;14,2;17,4;15,7;15;13,5;90;85;90;238;2;,9;
2023/05/01;0700 UTC;0;934,7;934,8;934,7;;16,4;14,5;16,5;15,5;15;13,6;91;88;89;7;2,1;,9;
2023/05/01;0800 UTC;0;934,9;934,9;934,6;;15,6;13,9;16,5;15,4;14,6;13,7;90;88;89;215;1,5;1,1;
2023/05/01;0900 UTC;0;935,4;935,4;934,9;;15,7;13,9;16,6;15,5;14,8;13,8;91;87;89;183;1,5;,3;
2023/05/01;1000 UTC;0;936,1;936,1;935,4;34,8;16,8;15,1;16,8;15,2;15,1;13,4;91;89;90;218;2;,8;
2023/05/01;1100 UTC;0;936,6;936,6;936,1;668,2;19,6;15,5;19,6;16,8;15,7;14,5;90;77;77;212;1,7;,5;
2023/05/01;1200 UTC;0;937;937;936,6;1550,4;20,8;15,6;21,3;19,5;16,3;15;77;71;72;168;2,6;1,3;
2023/05/01;1300 UTC;0;937,1;937,2;937;2279,5;23,1;16,9;23,2;20,7;17;15,3;73;65;68;70;3,4;1;
2023/05/01;1400 UTC;0;936,6;937,1;936,6;2803,1;25,1;17,2;25,4;23,1;17,6;16,2;69;60;61;68;4,7;1,7;
2023/05/01;1500 UTC;0;936;936,6;936;3054,8;26,1;17,8;26,3;25,1;18,7;16,8;65;58;60;37;5,5;2,6;
2023/05/01;1600 UTC;0;934,7;936;934,7;3188,2;27,7;17,7;27,7;25,8;18,5;16,5;60;53;55;109;5,7;1,9;
2023/05/01;1700 UTC;0;933,6;934,7;933,6;2902,6;28,4;17,1;28,8;27,7;18,6;16,1;56;48;50;110;5,7;1,8;
2023/05/01;1800 UTC;0;932,6;933,6;932,6;2680,9;28,5;15,9;29,6;27,9;17,4;15,3;51;43;46;87;4,5;1,7;
2023/05/01;1900 UTC;0;931,9;932,6;931,9;1755,2;28,3;15,3;29,5;28,2;16,5;14,3;47;40;45;125;3,2;1,7;
2023/05/01;2000 UTC;0;931,8;931,9;931,8;686,8;27,6;16,3;28,3;27,5;16,8;15,1;50;45;50;136;3,7;2;
2023/05/01;2100 UTC;0;931,6;931,8;931,6;159,9;25,5;16,6;27,7;25,5;16,6;15,9;58;50;58;158;3,2;1,2;
2023/05/01;2200 UTC;0;931,9;931,9;931,6;;23,3;16,8;25,5;23,3;17;16,6;67;58;67;226;2;1,2;
2023/05/01;2300 UTC;0;932,7;932,7;931,9;;22,9;16,9;23,5;22,8;17,3;16,7;71;67;69;334;2;,3;
2023/05/02;0000 UTC;0;933,3;933,3;932,7;;21,5;16,8;22,9;21,3;17;16,5;75;68;74;290;1;,6;
2023/05/02;0100 UTC;0;933,9;933,9;933,3;;21;16,9;21,8;20,3;17,2;16,3;79;74;77;352;1;,5;
2023/05/02;0200 UTC;0;934;934;933,9;;21,1;16,8;21,2;20,2;17,1;16,5;80;76;77;295;1,5;1;
2023/05/02;0300 UTC;0;933,9;934;933,9;;19,7;16,5;21,1;19,6;16,8;16,2;82;76;82;229;1,4;,3;
2023/05/02;0400 UTC;0;933,6;933,9;933,6;;19,6;16,1;20,6;19,4;16,4;15,8;82;75;80;24;1,8;,9;
2023/05/02;0500 UTC;0;933,2;933,6;933,2;;18,7;15,5;19,6;18,6;16,1;15,5;83;80;82;356;1,5;1;
2023/05/02;0600 UTC;0;933,1;933,2;933,1;;17,9;15,7;19,3;17,3;15,9;14,5;87;80;87;174;1,7;,7;
2023/05/02;0700 UTC;0;932,9;933,1;932,9;;18;15,6;18,4;17,7;15,8;15,2;87;83;86;234;1,6;,6;
2023/05/02;0800 UTC;0;932,9;932,9;932,8;;17,8;15,4;18,2;17,4;15,9;14,9;87;84;86;245;2,6;1,8;
2023/05/02;0900 UTC;0;933,1;933,1;932,8;;17,6;15,2;18,7;17,3;16;14,8;87;83;86;238;2,6;,9;
2023/05/02;1000 UTC;0;933,8;933,8;933;32,9;18,5;15,9;18,5;17,6;15,9;15,2;86;85;85;249;1,7;,4;
2023/05/02;1100 UTC;0;934,3;934,3;933,8;643,3;21,8;17;21,8;18,5;17,1;15,5;84;73;74;100;1,6;1;
2023/05/02;1200 UTC;0;935;935;934,3;1511,9;24;16,3;24,4;21,5;17,6;16,1;75;61;62;12;2,1;1,2;
2023/05/02;1300 UTC;0;935,3;935,3;935;2241,9;25,3;15,8;25,9;23,9;17,2;15,2;64;54;56;22;3,9;1,1;
2023/05/02;1400 UTC;0;935,1;935,4;935,1;2834,6;26,3;15,3;26,5;25,2;16,5;14,5;58;48;51;352;3,6;1,3;
2023/05/02;1500 UTC;0;934,2;935,1;934,2;3176,2;27,9;14,3;28,4;25,8;16,6;13,8;53;42;44;67;4,9;1,6;
2023/05/02;1600 UTC;0;933,2;934,2;933,2;3036,3;27,7;14,6;29,6;26,9;16,8;13,5;49;41;45;168;4,7;1,8;
2023/05/02;1700 UTC;0;932,2;933,2;932,2;1655,6;28,1;13,2;28,3;26,9;14,8;13,1;46;40;40;168;3,3;1,2;
2023/05/02;1800 UTC;0;931,6;932,2;931,6;1471,8;28;13,1;29,1;27,2;14,6;12,9;44;39;40;152;3,4;1,3;
2023/05/02;1900 UTC;0;931,3;931,6;931,3;1688,5;28,3;15;29;27,8;15,4;12,9;46;39;44;155;4,3;1,6;
2023/05/02;2000 UTC;0;931,4;931,4;931,3;742,4;27,9;14,4;29;27,7;15,7;13,9;47;41;44;149;3,4;,9;
2023/05/02;2100 UTC;0;931,6;931,6;931,4;120,1;25,8;15,7;27,9;25,7;16,5;14,5;57;44;54;175;2,5;1,3;
2023/05/02;2200 UTC;0;931,8;931,8;931,6;;23,8;16,7;25,8;23,8;17,1;15,6;65;54;65;195;2,2;,4;
2023/05/02;2300 UTC;0;932,4;932,4;931,8;;22,7;15,8;23,9;22,2;17,2;15,8;70;65;65;230;1,8;,3;
2023/05/03;0000 UTC;0;933;933;932,3;;23,2;15,1;23,4;22,4;16,2;15;67;59;60;268;1,8;,6;
2023/05/03;0100 UTC;0;933,5;933,5;933;;21,6;15,8;23,2;21,5;16,7;15;71;60;70;309;1,4;,3;
2023/05/03;0200 UTC;0;933,7;933,7;933,5;;21,2;16;21,7;21;16,3;15,1;73;68;72;256;1,3;,5;
2023/05/03;0300 UTC;0;933,7;933,9;933,7;;20,6;15,8;21,2;19,8;15,9;14,9;74;69;74;223;3,3;1,7;
2023/05/03;0400 UTC;0;933,4;933,7;933,4;;20,8;15,7;21,1;19;16,1;15,4;81;71;73;249;2,5;1;
2023/05/03;0500 UTC;0;933,1;933,5;933,1;;21,2;15;21,2;19,7;15,9;15;78;68;68;216;2,1;1,4;
2023/05/03;0600 UTC;0;932,6;933,1;932,6;;19,9;15,2;21,2;19,9;15,4;14,9;74;68;74;233;2,5;1,9;
2023/05/03;0700 UTC;0;932,6;932,7;932,4;;19,3;14,9;20,2;19,1;15,3;14,6;77;72;76;241;2,6;1,8;
2023/05/03;0800 UTC;0;932,5;932,6;932,4;;19,1;15,2;19,5;18,7;15,2;14,6;79;74;78;230;2,3;,8;
2023/05/03;0900 UTC;;;;;;;;;;;;;;;;;;
2023/05/03;1000 UTC;0;934,1;934,1;933,2;34,1;18,9;15,1;18,9;17,8;15,1;14,3;81;76;79;270;1,6;,6;
2023/05/03;1100 UTC;0;935;935;934,1;347,6;20,4;15,8;20,4;18,9;16,3;14,9;80;75;75;346;1,4;,6;
2023/05/03;1200 UTC;0;935,5;935,5;935;1465,7;23,6;15,5;24,1;20,4;17,8;15;79;57;60;198;2;,8;
2023/05/03;1300 UTC;0;935,6;935,7;935,5;2207,7;26,7;14,7;26,7;23,6;17,3;13,5;64;47;48;130;4,7;2,4;
2023/05/03;1400 UTC;0;935,4;935,7;935,4;2736,2;26,5;15,5;27,1;25,6;16,5;13,3;55;45;51;152;4,7;1,6;
2023/05/03;1500 UTC;0;934,6;935,4;934,6;3028,3;28;14,4;28,2;26,6;16;13,5;52;42;43;104;5;1;
2023/05/03;1600 UTC;0;933,8;934,6;933,8;2643,9;28,3;14,9;29,3;27,1;16,7;13;50;40;44;101;5,4;1,4;
2023/05/03;1700 UTC;0;933;933,8;933;1880,3;28;14,5;29;27,5;16,6;13,4;50;41;44;159;4,3;2,4;
2023/05/03;1800 UTC;0;932,5;933;932,5;2686,3;29,4;15,2;30,1;27,8;16;13,6;44;38;42;139;4,8;2,3;
2023/05/03;1900 UTC;0;932,4;932,5;932,4;1412,5;27,8;14,7;29,4;27,7;15,6;13,7;45;40;45;108;4,5;1,8;
2023/05/03;2000 UTC;0;932,5;932,5;932,3;471;27,6;15,6;28;27;15,8;14,3;49;43;48;138;3,3;1,6;
2023/05/03;2100 UTC;0;932,8;932,8;932,5;144,6;26,1;15,6;27,6;26,1;15,8;15;52;48;52;160;2,4;1;
2023/05/03;2200 UTC;0;933,1;933,1;932,7;;23,9;15,6;26,1;23,9;17;15,5;63;52;60;229;2,1;1,6;
2023/05/03;2300 UTC;0;933,7;933,7;933,1;;22,9;14,9;23,9;22,9;15,7;14,9;62;60;61;237;2,2;,7;
2023/05/04;0000 UTC;0;934,1;934,1;933,7;;22,6;15,2;23;22,5;15,4;14,7;64;60;63;291;1,6;,7;
2023/05/04;0100 UTC;0;934,1;934,2;934,1;;22,1;15,7;22,7;21,7;16;14,6;69;61;67;314;1,6;,6;
2023/05/04;0200 UTC;0;933,9;934,2;933,8;;20,1;15,7;22,1;20,1;16;15,4;76;67;76;201;1,2;,3;
2023/05/04;0300 UTC;0;933,9;933,9;933,8;;20,3;15,6;20,6;20,1;15,7;15;75;71;74;347;1,3;1,1;
2023/05/04;0400 UTC;0;934;934,1;933,9;;19,5;15,2;20,3;19,4;15,6;14,9;77;72;76;82;1,4;,4;
2023/05/04;0500 UTC;0;933,9;934,1;933,8;;18,7;15;19,7;17,7;15,4;14,3;82;76;79;221;2;1,3;
2023/05/04;0600 UTC;0;933,7;933,9;933,7;;18,9;14,8;19,3;18,4;15,2;14,7;80;76;77;249;3,2;2,6;
2023/05/04;0700 UTC;0;933,6;933,7;933,6;;20,1;14,7;20,3;18,9;15;14,6;77;70;71;237;3,2;1,6;
2023/05/04;0800 UTC;0;933,7;933,7;933,5;;19,4;14,7;20,3;19,4;14,9;14,6;74;71;74;224;3;1,8;
2023/05/04;0900 UTC;0;934,4;934,5;933,7;;18,6;14,8;19,4;18,4;14,9;14,5;79;74;79;196;2,5;,7;
2023/05/04;1000 UTC;0;935,2;935,2;934,4;33,2;18,7;15,2;18,7;18,2;15,3;14,9;82;79;80;136;1,1;,2;
2023/05/04;1100 UTC;0;936;936;935,1;628,5;21,7;14,6;21,9;18,7;15,7;14,5;80;63;64;205;1,6;,8;
2023/05/04;1200 UTC;0;936,7;936,8;936;1480,1;24,5;15,3;24,5;21,7;16,3;14,6;66;55;57;110;3,2;1,4;
2023/05/04;1300 UTC;0;937,1;937,2;936,7;2193,8;26;16,1;26,5;24,3;16,9;15,3;61;51;55;111;4,8;2,4;
2023/05/04;1400 UTC;0;936,9;937,2;936,9;2726,5;26,8;15,9;27,8;26;17,6;15,4;56;49;51;56;6,3;3,7;
2023/05/04;1500 UTC;0;936,2;936,9;936,1;3011,5;28;16,1;28,6;26,5;17,4;15,6;54;48;48;70;6,3;3,3;
2023/05/04;1600 UTC;0;935,3;936,2;935,3;3161,4;28,9;17;29,5;27,7;17,7;15,7;53;44;49;57;7;3,3;
2023/05/04;1700 UTC;0;934,5;935,3;934,4;2541,7;29,9;15,3;30,1;28;16,5;13,9;48;40;41;60;6,4;2,4;
2023/05/04;1800 UTC;0;933,7;934,5;933,7;2382,6;29,6;14,6;30,6;28,7;17,2;13,9;46;38;40;47;6,4;1,7;
2023/05/04;1900 UTC;0;933,5;933,7;933,4;1805,2;29,2;12,8;30,4;29,2;16,4;11,9;44;33;36;39;4,9;2,2;
2023/05/04;2000 UTC;0;933,9;933,9;933,5;695,8;29,2;13,8;29,8;29,2;14,1;12,1;40;34;39;90;4,5;1,4;
2023/05/04;2100 UTC;0;934,2;934,2;933,9;134,3;26,2;16,8;29,2;26,2;16,8;12,9;56;37;56;206;2,5;1,1;
2023/05/04;2200 UTC;0;934,6;934,6;934,2;;24,8;15,7;26,2;24,6;17;15,7;59;56;57;209;2,3;1;
2023/05/04;2300 UTC;0;935,3;935,4;934,6;;23,8;15,5;24,8;23,8;15,8;15,5;60;57;60;232;1,9;1,6;
2023/05/05;0000 UTC;0;935,9;935,9;935,3;;23,5;15,6;24;23,2;15,7;15,4;62;59;61;237;1,9;1,5;
2023/05/05;0100 UTC;0;936;936,1;935,8;;23;15,2;23,6;23;15,6;15,2;62;60;62;227;2,4;1,7;
2023/05/05;0200 UTC;0;936,2;936,2;936;;22,7;14,9;23,4;22,7;15,3;14,9;62;60;61;226;2,4;1,5;
2023/05/05;0300 UTC;0;936;936,2;936;;22,7;14,7;23,2;22,6;15,1;14,7;62;60;61;239;2,2;1,2;
2023/05/05;0400 UTC;0;935,7;936;935,7;;21,7;15;22,8;20,3;15,7;14,6;74;61;66;214;2,5;1,4;
2023/05/05;0500 UTC;0;935,3;935,7;935,2;;21,4;15;22;21,1;15,1;14,9;68;65;67;219;3,2;1,4;
2023/05/05;0600 UTC;0;935,1;935,3;935,1;;21;14,6;21,6;20,9;15;14,6;68;66;67;248;2,5;1,6;
2023/05/05;0700 UTC;0;935,5;935,5;935,1;;20,2;14,5;21,1;19,7;14,7;14;71;66;70;232;2,4;1,4;
2023/05/05;0800 UTC;0;935,6;935,7;935,5;;19,7;14,5;20,6;19,1;14,8;14,1;74;68;72;225;2,4;,9;
2023/05/05;0900 UTC;0;936,4;936,4;935,6;;18,6;14,8;20;18,6;14,8;14,4;78;70;78;347;1,9;,4;
2023/05/05;1000 UTC;0;937,2;937,3;936,4;33,4;19,6;15;19,6;18,4;15,2;14,8;80;75;75;228;1,4;,6;
2023/05/05;1100 UTC;0;937,9;937,9;937,2;628,3;23,2;16;23,2;19,6;16,3;14,5;75;63;64;107;1,4;,7;
2023/05/05;1200 UTC;0;938,5;938,5;937,9;1460;25;16,7;25;23,1;16,9;15,1;64;57;60;123;3,7;1,9;
2023/05/05;1300 UTC;0;939,2;939,2;938,5;2177,8;26,8;16,2;27;25;17,5;15,7;61;51;52;84;5,4;3;
2023/05/05;1400 UTC;0;938,7;939,2;938,7;2706,3;28,1;16,6;28,1;26,8;17,2;15,6;55;49;50;102;5,6;3,1;
2023/05/05;1500 UTC;0;937,5;938,7;937,5;2998,8;28,3;15,6;28,7;27,5;17,3;15,3;52;46;46;57;6,2;2,7;
2023/05/05;1600 UTC;0;936,4;937,5;936,4;2731,9;28,9;16,1;29,5;28,1;17,4;15;49;42;46;114;6,7;2,9;
2023/05/05;1700 UTC;0;935,3;936,4;935,3;2542,9;29,1;15,5;30,3;28,3;17,4;14,9;48;42;44;122;7,1;2,8;
2023/05/05;1800 UTC;0;934,9;935,4;934,8;2147,8;30;16,3;30,7;28,4;17,1;14,4;46;39;44;113;5,9;2,2;
2023/05/05;1900 UTC;0;934,5;934,9;934,5;1749,3;29;14,4;30,2;28,7;16,4;14,3;46;41;41;153;5,9;2,2;
2023/05/05;2000 UTC;0;934,4;934,5;934,3;667,1;28,4;15,3;29,6;28,4;16,4;14,4;46;41;45;146;5,1;1,7;
2023/05/05;2100 UTC;0;934,4;934,5;934,3;111,1;26,6;16,8;28,5;26,6;16,8;15,2;55;45;55;184;3,1;,8;
2023/05/05;2200 UTC;0;935;935;934,4;;24,2;15,9;26,5;24,2;17,1;15,9;62;55;60;236;2,5;1,9;
2023/05/05;2300 UTC;0;935,5;935,5;935;;23,6;15,7;24,4;23,6;16;15,5;62;58;61;251;2,4;,7;
2023/05/06;0000 UTC;0;936,1;936,1;935,5;;23,4;15,6;23,9;23;15,7;15,3;63;59;62;262;1,7;,6;
2023/05/06;0100 UTC;0;936,6;936,6;936,1;;23;15,3;23,4;22,9;15,7;15,1;64;60;62;226;1,9;,7;
2023/05/06;0200 UTC;0;936,7;936,8;936,6;;22,7;15,3;23;22;15,8;15;67;62;63;246;2,6;2,1;
2023/05/06;0300 UTC;0;936,6;936,8;936,6;;21,9;15,1;22,8;21,4;15,5;14,8;67;62;65;221;2,7;1,8;
2023/05/06;0400 UTC;0;936,3;936,6;936,3;;21,4;14,7;22,5;21,4;15,2;14,7;66;62;65;239;3,4;1,9;
2023/05/06;0500 UTC;0;936,1;936,4;936;;21,3;14,5;21,8;21,3;14,8;14,5;66;63;65;225;2,7;1,6;
2023/05/06;0600 UTC;0;935,9;936,1;935,8;;21,1;14,5;21,6;20,9;14,7;14,4;67;65;66;218;2,8;1,4;
2023/05/06;0700 UTC;0;935,9;936;935,8;;20,1;14,9;21,1;18,5;15,1;13,9;79;66;72;341;2,3;1;
2023/05/06;0800 UTC;0;936,2;936,3;935,9;;18,9;14,7;20,3;18,9;14,9;14,5;76;71;76;2;1,5;,9;
2023/05/06;0900 UTC;0;936,7;936,8;936,2;;19;14,7;19,8;18,8;15,1;14,6;77;73;76;338;1,2;,4;
2023/05/06;1000 UTC;0;937,2;937,2;936,7;32,8;18,5;14,6;19,8;18,5;14,8;14,6;78;72;78;217;1,3;,2;
2023/05/06;1100 UTC;0;937,6;937,6;937,2;621;22,4;16,5;22,5;18,5;16,9;14,6;78;67;69;96;1;,4;
2023/05/06;1200 UTC;0;938;938,1;937,6;1462,2;24,8;16;24,8;22;16,5;15,3;70;58;58;83;6,3;3,5;
2023/05/06;1300 UTC;0;938,3;938,3;938;2190,2;25,3;15,6;26,1;24,6;16,7;15,3;61;54;55;76;8,2;4;
2023/05/06;1400 UTC;0;937,6;938,3;937,6;2734,6;25,6;15,5;26,5;25,3;16,7;15,3;57;52;54;48;7,5;3,8;
2023/05/06;1500 UTC;0;936,8;937,6;936,8;2715,5;27,6;16,2;28;25,3;17,6;15,3;57;48;50;73;6,5;3,6;
2023/05/06;1600 UTC;0;935,7;936,8;935,7;2843,3;27,5;15,6;28,5;26,9;17,1;15,1;52;45;48;100;6,5;2,6;
2023/05/06;1700 UTC;0;934,7;935,7;934,7;2130,4;28,7;15,9;29,1;26,7;16,9;14,3;51;42;46;99;6,2;3,1;
2023/05/06;1800 UTC;0;934,1;934,7;934;1887;28,2;16,1;29,5;27,7;16,7;14,3;50;41;48;104;6,6;2,2;
2023/05/06;1900 UTC;0;933,6;934,1;933,6;1593,3;28,3;15,4;29,5;27,3;16,4;14,4;49;41;45;111;6,1;2,5;
2023/05/06;2000 UTC;0;933,6;933,6;933,4;696,1;27,1;15,1;28,9;27,1;15,9;14,4;49;42;48;141;5,5;1,7;
2023/05/06;2100 UTC;0;933,9;933,9;933,6;99,2;25,7;15,5;27,1;25,6;16,3;15,1;54;48;53;188;2,9;,9;
2023/05/06;2200 UTC;0;934,3;934,3;933,9;;24;15,3;25,7;24;15,9;15,2;59;53;58;244;2,1;1,5;
2023/05/06;2300 UTC;0;934,7;934,8;934,3;;23,8;14,6;24;23,6;15,4;14,6;59;56;57;232;2,5;1,5;
2023/05/07;0000 UTC;0;935,3;935,3;934,7;;22,9;15,3;23,8;22,9;15,4;14,5;63;56;62;244;2,1;,4;
2023/05/07;0100 UTC;0;935,5;935,6;935,3;;22,8;15;22,9;21,8;15,4;14,7;66;61;61;187;3,7;2,1;
2023/05/07;0200 UTC;0;935,7;935,8;935,5;;21,9;14,8;23;21;15;14,6;67;61;64;203;3,7;1,6;
2023/05/07;0300 UTC;0;935,6;935,8;935,6;;21,5;14,7;22,2;21,3;14,9;14,6;66;63;65;204;3,1;1,5;
2023/05/07;0400 UTC;0;935,5;935,7;935,5;;21,1;14,6;21,6;20,1;15,2;14,5;73;65;66;211;3;1,4;
2023/05/07;0500 UTC;0;935;935,5;935;;20,9;14,4;21,3;20,6;14,6;14,4;68;65;67;203;3;1,5;
2023/05/07;0600 UTC;0;934,7;935;934,7;;19,9;14,5;20,9;19,7;14,5;14,3;72;67;71;238;2,6;1,7;
2023/05/07;0700 UTC;0;934,8;934,8;934,7;;19,1;14,4;20,3;19;14,5;14,1;74;69;74;228;2,3;1,8;
2023/05/07;0800 UTC;0;934,9;934,9;934,7;;19;14,3;19,4;19;14,5;14,3;74;73;74;234;2,5;1,2;
2023/05/07;0900 UTC;0;935,6;935,6;934,9;;18;14,2;19;18;14,4;14,2;79;74;78;246;1,8;1;
2023/05/07;1000 UTC;0;936,3;936,3;935,6;33;17,7;14,3;18,2;17,5;14,6;14;81;78;81;241;1,6;,3;
2023/05/07;1100 UTC;0;937;937;936,3;606,5;21,8;14,9;22,2;17,7;15,5;14,4;81;65;65;94;,8;,4;
2023/05/07;1200 UTC;0;937,6;937,6;937;1455,9;23,3;15,2;23,5;21,8;15,9;14,6;66;59;60;65;6,3;3,6;
2023/05/07;1300 UTC;0;937,7;937,8;937,6;2197,7;24,3;15,3;24,7;23,1;15,9;14,3;62;54;57;49;7,3;3,2;
2023/05/07;1400 UTC;0;937,1;937,7;937,1;2730,1;25,7;15;26;24,3;16,2;13,9;59;50;52;58;6,9;3,1;
2023/05/07;1500 UTC;0;935,9;937,1;935,9;2908,5;25,8;14,2;26,6;24,8;15,8;13,8;54;47;49;47;7,1;3,1;
2023/05/07;1600 UTC;0;934,9;936;934,9;2958,7;27,1;16;27,2;25,8;16;14,2;52;47;51;67;6,8;3,2;
2023/05/07;1700 UTC;0;934,2;934,9;934,1;2893,3;27,7;14,9;28;26,5;15,7;13,6;51;43;46;40;7,6;3,3;
2023/05/07;1800 UTC;0;933,6;934,3;933,6;2557,3;28,1;14,5;29,3;27,3;16,2;13,6;48;41;44;58;6,9;2,9;
2023/05/07;1900 UTC;0;933,4;933,6;933,3;1660,8;27,1;14,4;28,9;27;15,2;13,5;47;41;46;93;6,4;2,7;
2023/05/07;2000 UTC;0;933,6;933,6;933,4;693,1;26,1;14,3;28;26,1;15;13,7;48;42;48;104;5,1;2;
2023/05/07;2100 UTC;0;933,9;934;933,6;57,6;24,3;14,9;26,1;24,3;15;14,1;56;48;56;104;3,4;1,1;
2023/05/07;2200 UTC;0;934,6;934,6;934;;22,8;14,8;24,6;22,5;15,5;14,7;64;55;61;240;2,1;1,5;
2023/05/07;2300 UTC;0;934,9;934,9;934,6;;22;15,2;22,9;22;15,2;14,5;65;60;65;234;2;,9;
2023/05/08;0000 UTC;0;935,2;935,2;934,9;;20,8;15,5;22;20,8;15,8;14,9;72;65;72;3;1,4;,3;
2023/05/08;0100 UTC;0;935,1;935,2;935,1;;20,4;15,5;21,1;20,4;15,9;15,4;74;71;74;50;1,2;,4;
2023/05/08;0200 UTC;0;935,2;935,3;935,1;;19,9;14,5;20,4;18,6;15,4;14,3;77;71;71;229;2,2;1,8;
2023/05/08;0300 UTC;0;935,2;935,3;935,2;;20,1;14,6;20,6;19,4;14,7;14,3;73;68;71;198;2,4;,7;
2023/05/08;0400 UTC;0;935,2;935,3;935,2;;20,4;14,6;20,5;20,1;14,7;14,3;71;68;70;276;2,3;1,3;
2023/05/08;0500 UTC;0;935,2;935,3;935,1;;20,1;14,5;20,9;19,8;14,7;14,1;71;67;70;251;2,4;1,4;
2023/05/08;0600 UTC;0;935,5;935,5;935,2;;19,1;14,6;20,1;18;14,6;13,8;77;70;75;239;2,6;2,3;
2023/05/08;0700 UTC;0;935,7;935,7;935,4;;19,3;14,4;19,3;19;14,6;14,3;75;73;73;233;2,7;1,6;
2023/05/08;0800 UTC;0;936,2;936,2;935,7;;18,9;14,5;19,3;18,7;14,5;13,8;76;72;76;218;3;1,1;
2023/05/08;0900 UTC;0;936,8;936,8;936,2;;17,8;14,2;18,9;17,7;14,7;14;80;76;80;182;2,2;,3;
2023/05/08;1000 UTC;0;937,4;937,4;936,8;32,1;17,9;14,4;17,9;17,1;14,5;14;83;80;80;29;1,2;,7;
2023/05/08;1100 UTC;0;937,7;937,8;937,4;607,5;21,3;15,1;21,3;17,9;15,2;14,3;80;68;68;42;2,1;1;
2023/05/08;1200 UTC;0;938,3;938,3;937,6;1459,3;24,3;15,3;24,3;21,3;16,1;15;68;57;57;82;3,4;1,5;
2023/05/08;1300 UTC;0;938,5;938,5;938,3;2175,6;25,2;15,4;25,2;23,6;16,3;14,5;61;55;55;56;6,4;1,8;
2023/05/08;1400 UTC;0;937,8;938,5;937,8;2697,8;25,8;15,3;26,2;24,6;16,2;14,4;57;50;52;54;6,7;2,6;
2023/05/08;1500 UTC;0;936,9;937,8;936,9;2992,8;27,2;15,3;27,3;25,4;16,5;14,5;55;48;48;92;6,8;2,9;
2023/05/08;1600 UTC;0;935,9;936,9;935,9;2390,3;26,9;14,2;27,6;26;16,4;13,8;52;45;46;40;5,8;1,9;
2023/05/08;1700 UTC;0;934,8;935,9;934,8;1823,2;26,4;14,2;29;26;16,4;13,3;49;41;47;132;5,4;2,5;
2023/05/08;1800 UTC;0;934,5;934,8;934,4;1142,3;27,3;14,3;27,9;26,4;15,2;13,8;49;43;45;146;4,4;1,4;
2023/05/08;1900 UTC;0;934,3;934,5;934,2;471;26,8;13,4;27,3;26,6;14,9;13,4;49;44;44;158;2,8;,3;
2023/05/08;2000 UTC;0;934,4;934,4;934,3;580,2;26,6;14,4;28,1;26,6;15,1;13,4;47;42;47;180;3,7;1,7;
2023/05/08;2100 UTC;0;934,8;934,8;934,4;85,1;24,7;15,4;26,6;24,7;15,5;14,4;56;47;56;199;3,5;1,4;
2023/05/08;2200 UTC;0;935,2;935,2;934,8;;22,9;14,7;24,7;22,6;15,6;14,7;62;56;60;249;2,6;1,8;
2023/05/08;2300 UTC;0;935,3;935,3;935,1;;22,7;14,6;23,1;22,5;14,7;14;61;57;60;321;2,6;,4;
2023/05/09;0000 UTC;0;935,4;935,4;935,2;;21,2;15;22,7;21,2;15,4;14,5;68;60;68;342;,9;,6;
2023/05/09;0100 UTC;0;935,5;935,5;935,4;;20,5;14,4;21,2;19,9;15,4;14,4;72;67;68;290;1,3;,8;
2023/05/09;0200 UTC;0;935,6;935,6;935,5;;20,2;15,3;20,6;19,4;15,4;14,4;75;68;73;299;1,5;,8;
2023/05/09;0300 UTC;0;935,7;935,8;935,5;;17,7;14,4;20,3;17;15,3;12,7;81;70;81;156;5,9;1,8;
2023/05/09;0400 UTC;0;935,5;935,8;935,5;;19;14,5;19;17,3;14,7;13,7;81;75;75;263;4,7;1,1;
2023/05/09;0500 UTC;0;935,4;935,5;935,3;;19,5;14,5;19,5;18,7;14,6;14,2;76;73;73;249;2,4;1,7;
2023/05/09;0600 UTC;0;935,4;935,5;935,3;;18,1;14,1;20;18,1;14,5;14;78;70;78;228;3,4;2,1;
2023/05/09;0700 UTC;0;935,4;935,5;935,4;;17,9;14,3;18,7;16,3;14,8;13,2;85;76;80;242;3,5;1,1;
2023/05/09;0800 UTC;0;935,5;935,5;935,4;;18,1;14;18,3;17,4;14,5;13,8;81;77;77;246;2,5;2;
2023/05/09;0900 UTC;0;935,8;935,8;935,5;;18,4;13,9;18,6;17,8;14,2;13,7;78;75;75;260;2,7;1,6;
2023/05/09;1000 UTC;0;936,5;936,5;935,8;33,2;17,3;13,9;18,4;16,9;13,9;13,4;81;75;81;291;2,3;,3;
2023/05/09;1100 UTC;0;937,1;937,1;936,5;614;21,3;16;21,4;17,3;16,2;13,9;81;68;72;85;1,1;,6;
2023/05/09;1200 UTC;0;937,5;937,5;937,1;1385,2;24,1;15;24,3;21,3;16;13,4;72;54;57;133;2;1,1;
2023/05/09;1300 UTC;0;937,8;937,8;937,5;2138,5;25,7;14,9;26;24,1;16,2;14,3;58;49;51;96;4,2;2;
2023/05/09;1400 UTC;0;937;937,8;937;2674,8;26,9;14,7;27,3;25,7;16,3;14;54;46;47;112;4,8;2,3;
2023/05/09;1500 UTC;0;935,9;937;935,9;2839,2;28,3;15,1;28,4;26,3;16,3;14,1;50;44;45;92;5,7;1,7;
2023/05/09;1600 UTC;0;935,2;935,9;935,2;2686,4;27,6;14;28,5;27,2;15,8;13,3;47;42;43;105;5;1,7;
2023/05/09;1700 UTC;0;934,4;935,2;934,4;1677;28,4;14,9;28,4;27,3;15,4;13,1;47;41;44;49;4,5;1,2;
2023/05/09;1800 UTC;0;933,9;934,4;933,9;1957,3;28,1;14,8;29,1;27,2;15,5;13,3;46;39;44;163;6;1,8;
2023/05/09;1900 UTC;0;934;934;933,9;1403,2;27,7;14,3;28,5;27,4;15;13,7;46;41;44;202;4,1;1,7;
2023/05/09;2000 UTC;0;934,2;934,2;934;522,8;26,2;16;27,7;26,2;16;14,6;53;44;53;142;4,1;1,6;
2023/05/09;2100 UTC;0;934,4;934,4;934,2;97,2;24,7;16,4;26,2;24,7;16,4;15,6;60;53;60;182;3;1,4;
2023/05/09;2200 UTC;0;934,5;934,5;934,3;;23,4;16,1;24,7;23,4;16,3;15,6;64;59;64;227;2,4;1,4;
2023/05/09;2300 UTC;0;934,8;934,8;934,5;;23,3;14,7;23,4;22,8;16;14,7;64;59;59;260;2,9;1,9;
2023/05/10;0000 UTC;0;935,3;935,3;934,8;;22,3;15,3;23,6;19,3;16;14,4;78;56;64;303;2,9;,8;
2023/05/10;0100 UTC;0;935,5;935,6;935,3;;21,7;14,8;22,5;20,3;15,3;14,3;72;60;65;265;2,1;,7;
2023/05/10;0200 UTC;0;935,3;935,6;935,2;;21,6;14,4;22,4;21;16;14,1;70;60;64;234;2,5;1,7;
2023/05/10;0300 UTC;0;935,5;935,6;935,2;;19,8;15,5;21,6;18,9;15,8;14,3;79;64;76;169;6;1,3;
2023/05/10;0400 UTC;0;935,1;935,5;935,1;;20,4;15,4;20,5;19,8;15,7;15,3;76;73;73;232;4;1,9;
2023/05/10;0500 UTC;0;934,3;935,1;934,3;;20,8;15;21,2;20,4;15,4;14,9;73;68;69;227;2,5;,9;
2023/05/10;0600 UTC;0;934;934,3;933,9;;20,5;15,1;20,8;20,4;15,2;14,9;72;69;71;270;1,6;1,1;
2023/05/10;0700 UTC;0;933,6;934;933,6;;20,6;15,2;20,8;19,5;15,3;15;76;70;71;282;1,6;1,1;
2023/05/10;0800 UTC;0;933,6;933,7;933,5;;18,8;14,9;20,6;18,8;15,5;14,8;79;71;78;229;1,8;1;
2023/05/10;0900 UTC;0;934,3;934,3;933,6;;19,1;14,9;19,3;18,1;15,2;14,6;81;76;77;243;3,3;2,2;
2023/05/10;1000 UTC;0;935,3;935,3;934,3;36,4;18,6;15;19,4;18,4;15;14,6;80;75;80;263;2,8;,3;
2023/05/10;1100 UTC;0;935,5;935,5;935,2;599,8;22;16;22;18,6;16,1;15;80;67;69;124;1,5;,3;
2023/05/10;1200 UTC;0;936,3;936,3;935,5;1360,2;24,4;17,1;24,4;21,6;17,1;15;73;59;64;155;2,5;1;
2023/05/10;1300 UTC;0;936,4;936,5;936,3;2105,9;25,6;15,4;25,7;24,1;16,4;15,1;64;53;53;90;3,7;1,2;
2023/05/10;1400 UTC;0;936;936,4;936;2647,1;26,4;15,1;27,4;25,5;17,1;14,9;57;48;50;143;4,3;1,9;
2023/05/10;1500 UTC;0;934,9;936;934,9;2360,1;27,5;15,9;27,7;26,5;17,3;14,9;55;47;49;111;4,6;1,7;
2023/05/10;1600 UTC;0;934,1;934,9;934,1;1973,3;27,3;15,5;28,4;27;17,3;15;54;46;49;150;4,4;1,8;
2023/05/10;1700 UTC;0;933,2;934,1;933,2;2586,2;28,5;15,5;29,7;27,2;17;14,5;52;41;45;118;3,9;1,9;
2023/05/10;1800 UTC;0;932,6;933,2;932,6;2114,5;29;14,7;29,9;28,3;17,1;14;48;39;42;214;3,5;1,2;
2023/05/10;1900 UTC;0;932,7;932,7;932,5;982,6;28,6;14,7;29,1;28,1;16;14,4;46;41;43;199;3,1;1,1;
2023/05/10;2000 UTC;0;932,8;932,8;932,5;569,6;27,3;16,4;28,8;27,3;16,5;14,9;52;43;51;165;4,4;2;
2023/05/10;2100 UTC;0;932,9;932,9;932,7;142,8;25,9;16,1;27,6;25,8;17;16;55;51;55;179;3,9;1,4;
2023/05/10;2200 UTC;0;933,1;933,1;932,9;;23,7;16,1;25,9;23,4;16,8;15,9;65;55;62;231;2,7;1,7;
2023/05/10;2300 UTC;0;933,5;933,5;933,1;;23,4;15,8;23,9;23,1;16,1;15,7;64;61;62;251;2,5;1,5;
2023/05/11;0000 UTC;0;933,7;933,8;933,5;;21,7;15,7;23,5;21,7;16,1;15,7;69;62;69;255;2;,9;
2023/05/11;0100 UTC;0;933,7;933,8;933,7;;21,2;16,2;22,8;21,2;16,5;15,7;73;65;73;54;2;,3;
2023/05/11;0200 UTC;0;933,2;933,7;933,2;;21,5;15,8;21,6;19,5;16,6;14,6;75;69;70;246;4,2;2,7;
2023/05/11;0300 UTC;0;932,8;933,3;932,8;;19,9;15,4;21,6;19,9;16;15,4;75;70;75;270;3,5;,9;
2023/05/11;0400 UTC;0;932,6;932,8;932,5;;20,4;15,9;21;19,7;15,9;15,1;76;71;75;194;3,9;1,8;
2023/05/11;0500 UTC;0;932,3;932,6;932,3;;19;15,4;20,7;19;15,9;15,3;80;73;80;224;3,9;1,6;
2023/05/11;0600 UTC;0;932,2;932,4;932,1;;18,5;14,8;19,8;18,5;15,9;14,8;82;78;79;48;3,4;,5;
2023/05/11;0700 UTC;0;932,2;932,3;932,1;;18,9;15,3;19,2;18,3;15,7;14,9;82;79;80;266;1,9;1,1;
2023/05/11;0800 UTC;0;932,3;932,3;932,1;;18,8;15,4;18,9;18,2;15,4;15;82;80;81;300;1,9;,4;
2023/05/11;0900 UTC;0;932,6;932,6;932,3;;17,8;14,9;18,9;17,7;15,4;14,7;83;79;83;287;2,3;1,2;
2023/05/11;1000 UTC;0;933,2;933,2;932,6;33,3;18;15,1;18,7;17,4;15,4;14,3;84;80;83;181;2,4;,7;
2023/05/11;1100 UTC;0;933,8;933,8;933,2;530,7;20,9;15,4;21;18;15,9;15,1;83;70;71;196;2,3;,9;
2023/05/11;1200 UTC;0;934,2;934,2;933,8;1342,2;24,1;16,6;24,1;20,9;17,3;15,3;71;61;63;132;1,8;1;
2023/05/11;1300 UTC;0;934,2;934,3;934,2;1906,8;26,3;16,5;26,3;24,1;17,3;15,9;64;54;55;98;3,3;1,4;
2023/05/11;1400 UTC;0;933,8;934,2;933,8;2382;26,8;16,8;26,8;25,5;17,1;15,6;58;51;55;97;3,2;1,7;
2023/05/11;1500 UTC;0;933;933,8;933;2850,9;27,9;15,3;27,9;26,2;16,9;14,8;55;46;46;235;3,5;,8;
2023/05/11;1600 UTC;0;932,2;933;932,2;3076,5;29,1;16,1;29,6;27,6;16,7;14,3;48;44;46;275;4,1;1,4;
2023/05/11;1700 UTC;0;931,8;932,2;931,7;2548,7;28,9;14,7;29,5;28,1;16;14,1;46;40;42;243;4,9;1,8;
2023/05/11;1800 UTC;0;931,2;931,8;931,2;1956,2;29,2;15,4;29,7;28,6;15,5;14,4;44;40;43;216;6,2;2,1;
2023/05/11;1900 UTC;0;931,1;931,2;931,1;1240,1;29,1;15,9;29,6;28,3;16;14,7;46;42;45;218;5;1,8;
2023/05/11;2000 UTC;0;931,4;931,4;931,1;553,5;27,9;16,8;29,3;27,8;16,9;15,3;51;44;51;173;3,7;1,2;
2023/05/11;2100 UTC;0;931,8;931,8;931,4;84,4;26,1;17,4;28,2;26,1;17,8;16,3;59;49;59;243;2,5;1,4;
2023/05/11;2200 UTC;0;932,3;932,3;931,7;;25;17;26,3;24,3;17,4;16,7;65;57;61;252;5,5;2;
2023/05/11;2300 UTC;0;933,1;933,1;932,3;;25,1;16,8;25,4;24,9;17,2;16,5;62;59;60;266;5,5;1,3;
2023/05/12;0000 UTC;0;933,4;933,4;933,1;;23,1;16,8;25,2;23;17,7;16,6;72;59;68;72;3,1;,9;
2023/05/12;0100 UTC;0;933,3;933,4;933,2;;23,4;16,5;24,3;23;17;16,1;68;61;65;225;2,7;1,1;
2023/05/12;0200 UTC;0;933,7;933,7;933,3;;22,5;16,5;23,4;21,8;16,7;16,3;73;65;69;193;2,4;,7;
2023/05/12;0300 UTC;0;933,8;933,8;933,7;;22,3;16,1;22,9;22;16,4;16;70;66;68;206;1,7;1,1;
2023/05/12;0400 UTC;0;933,5;933,7;933,5;;21,9;15,4;22,3;21,5;16,2;15,4;71;67;67;241;3,1;2,3;
2023/05/12;0500 UTC;0;933;933,5;933;;20,4;15,5;21,9;20,3;15,6;15,3;74;67;73;230;3,2;,8;
2023/05/12;0600 UTC;0;932,8;933;932,8;;20,2;15,4;20,6;20,2;15,6;15,4;74;73;74;240;2,6;1,9;
2023/05/12;0700 UTC;0;932,5;932,8;932,5;;19,2;15,4;20,4;19,2;15,6;15,3;79;74;79;239;3,3;2,4;
2023/05/12;0800 UTC;0;932,8;932,8;932,5;;19,1;15,2;19,7;19,1;15,6;15,2;79;76;78;238;3,5;2,2;
2023/05/12;0900 UTC;0;933,1;933,1;932,8;;19,6;14,9;19,8;19,1;15,3;14,8;78;73;74;216;3,1;2;
2023/05/12;1000 UTC;0;933,6;933,6;933,1;42,3;19,1;15,4;19,6;18,7;15,4;14,8;80;74;79;5;2,7;,8;
2023/05/12;1100 UTC;0;934;934;933,6;558,3;22,3;15,7;22,3;19,1;16,6;15,2;79;66;66;359;1,7;1,2;
2023/05/12;1200 UTC;0;934,7;934,7;934;1324,7;25,4;16,5;25,4;22,3;16,9;15,1;66;56;58;117;2,1;,9;
2023/05/12;1300 UTC;0;935;935;934,7;2027,9;25,7;14,6;26,6;24,8;16,4;13,6;58;48;50;134;3,8;1,6;
2023/05/12;1400 UTC;0;934,6;935;934,6;2525,6;27,2;14,5;27,2;25,7;15,9;13,7;52;45;46;133;4,5;1,7;
2023/05/12;1500 UTC;0;934,2;934,6;934,2;2864,5;27,4;14,2;28,5;26,2;16,1;13,7;49;43;44;161;5;1,6;
2023/05/12;1600 UTC;0;933,2;934,2;933,2;2869,6;28,4;14,2;29;27,4;16,1;14,2;47;42;42;248;6,1;1,8;
2023/05/12;1700 UTC;0;932,7;933,2;932,7;2728,7;29;13,6;29;27,9;14,8;12,8;44;38;39;217;4,8;2,4;
2023/05/12;1800 UTC;0;932,4;932,7;932,3;1674,3;28;13,6;29,2;27,9;14,9;13,1;44;37;41;180;4,7;2,1;
2023/05/12;1900 UTC;0;932,3;932,4;932,3;1094,5;29,1;14,4;29,6;27,8;15,3;13,3;45;39;41;256;3,7;1,2;
2023/05/12;2000 UTC;0;932,6;932,6;932,3;629,8;26,8;15,9;29,8;26,8;16,2;14,1;52;39;51;189;3,3;1,7;
2023/05/12;2100 UTC;0;932,8;932,9;932,5;67,9;25,5;15,9;26,8;25,3;16,8;15,8;59;51;56;251;3,3;1,4;
2023/05/12;2200 UTC;0;933,3;933,3;932,8;;24,1;15,6;25,6;24;16,1;15,5;60;55;59;245;2,5;2;
2023/05/12;2300 UTC;0;933,8;933,9;933,3;;23,4;15,1;24,3;22,9;15,6;15,1;63;58;60;240;3,8;2,3;
2023/05/13;0000 UTC;0;934,6;934,6;933,8;;22,4;15,5;23,4;22,1;15,6;15,1;66;60;65;227;3,6;1,9;
2023/05/13;0100 UTC;0;934,7;934,7;934,5;;21,7;15,5;22,7;21,7;15,5;15,3;68;64;68;248;3,6;1,3;
2023/05/13;0200 UTC;0;934,7;934,7;934,6;;20,9;15,5;21,7;19,6;15,7;15,3;78;68;71;189;2,5;,6;
2023/05/13;0300 UTC;0;934,8;934,9;934,7;;19,8;14,9;21;19,8;15,6;14,9;74;70;74;170;2,5;1,1;
2023/05/13;0400 UTC;0;934,4;934,8;934,4;;21,3;15,2;21,3;19,1;15,7;15;78;68;68;221;3,4;1,7;
2023/05/13;0500 UTC;0;934,3;934,5;934,2;;19,5;15;21,5;19,5;15,3;15;76;68;76;242;4,4;3,4;
2023/05/13;0600 UTC;0;933,9;934,3;933,9;;18,7;14,7;19,7;18,7;15,1;14,6;77;74;77;239;4,4;2,7;
2023/05/13;0700 UTC;0;933,9;933,9;933,8;;18,8;14,7;19,2;16,8;14,9;13,8;86;75;77;189;4,3;1,3;
2023/05/13;0800 UTC;0;934,2;934,2;933,9;;18,3;14,3;19,3;18,2;14,7;14;78;73;77;247;2,2;1,1;
2023/05/13;0900 UTC;0;934,8;934,8;934,2;;17,1;13,8;18,4;16,9;14,3;13,7;82;76;81;237;3;2,5;
2023/05/13;1000 UTC;0;935,4;935,4;934,8;24,4;17,4;13,4;17,6;16,7;13,8;13,1;81;77;77;231;3,2;1,5;
2023/05/13;1100 UTC;0;935,9;935,9;935,4;568,5;20,7;13,8;20,7;17,4;13,9;13,3;77;64;65;218;3,1;1,8;
2023/05/13;1200 UTC;0;936,5;936,5;935,9;1203,2;22,4;12,9;22,4;20,5;13,8;12,6;65;55;55;228;3,3;1;
2023/05/13;1300 UTC;0;936,7;936,7;936,4;2109,4;24,9;10,8;25,3;22,4;14,3;10,6;56;40;41;140;3;1,5;
2023/05/13;1400 UTC;0;936,2;936,7;936,2;2636,6;26,5;11,5;26,5;24,8;12,5;9,7;43;37;39;109;3,8;1,1;
2023/05/13;1500 UTC;0;935,2;936,2;935,2;2910,7;27,4;11,5;27,6;26,2;13,1;11;42;37;37;108;4,4;2,1;
2023/05/13;1600 UTC;0;934,5;935,2;934,5;2926,1;28,4;11,2;28,4;27,2;13,1;10,9;41;35;35;188;4,4;1,5;
2023/05/13;1700 UTC;0;933,7;934,5;933,7;2725,5;28,3;10,1;29,1;27,8;13,1;9,3;39;30;32;224;4,9;2,4;
2023/05/13;1800 UTC;0;933,1;933,6;933,1;2351,7;29,3;8,3;29,4;28,1;10,4;7,5;33;26;27;219;4,5;2;
2023/05/13;1900 UTC;0;933;933,1;932,9;1650,5;28,9;8,6;29,5;28,6;9,5;7,6;30;26;28;204;4,3;1,4;
2023/05/13;2000 UTC;0;933,4;933,4;933;521,1;28,4;10,5;29,4;28,4;10,9;8,2;34;27;33;253;2,6;1,4;
2023/05/13;2100 UTC;0;934;934;933,4;53,4;25,4;13,9;28,5;25,4;14,7;10,2;51;32;49;172;3,6;1,2;
2023/05/13;2200 UTC;0;934,4;934,4;934;;23,1;13,6;25,5;22,8;14,2;13,2;56;49;55;226;3,2;1,7;
2023/05/13;2300 UTC;0;935;935;934,4;;21,7;12,2;23,3;21,7;13,7;12,1;56;53;54;212;2,6;,7;
2023/05/14;0000 UTC;0;935,7;935,7;935;;22,1;10,9;22,8;20,9;12,8;10,8;59;48;49;217;2,1;1,2;
2023/05/14;0100 UTC;0;935,7;935,8;935,6;;21,3;11;22,4;21,2;11;10,6;52;48;52;213;2,8;1,1;
2023/05/14;0200 UTC;0;936;936;935,7;;21,1;10,8;21,7;20,6;11,2;10,8;54;50;52;227;2,3;1,6;
2023/05/14;0300 UTC;0;936,1;936,2;936;;19,5;11;21,1;19,1;11,2;10,7;60;52;58;225;2,4;1,9;
2023/05/14;0400 UTC;0;935,9;936,1;935,9;;18,7;11,3;19,5;17,2;11,7;10,9;68;58;62;205;2,6;,6;
2023/05/14;0500 UTC;0;935,7;935,9;935,7;;18,3;10,9;19,1;18,3;11,3;10,8;62;60;62;211;2,9;1,6;
2023/05/14;0600 UTC;0;935,4;935,7;935,4;;17,2;10,8;18,3;17,2;10,9;10,6;66;62;66;220;3,1;1,9;
2023/05/14;0700 UTC;0;935,3;935,5;935,2;;17,1;9,8;17,7;16,7;10,9;9,6;68;60;62;240;3,6;2,5;
2023/05/14;0800 UTC;0;935,7;935,7;935,3;;17,3;9,4;18,4;17;9,8;9,3;62;56;60;236;3,7;2,4;
2023/05/14;0900 UTC;0;936,4;936,4;935,7;;15,5;9,8;17,3;15,4;10,3;9,4;70;60;69;13;3,7;,6;
2023/05/14;1000 UTC;0;937,4;937,4;936,3;26,7;16,3;10,1;17;15,5;10,5;9,8;69;65;67;221;2,2;1,7;
2023/05/14;1100 UTC;0;938;938;937,4;561,4;20;10,6;20;16,2;12,3;9,5;68;52;55;223;2,2;,9;
2023/05/14;1200 UTC;0;938,8;938,8;938;1401,2;22;12,1;22,4;20;13,1;10,3;62;50;53;147;1,7;,7;
2023/05/14;1300 UTC;0;939,2;939,2;938,8;2117,1;24;11;24,2;22;12,2;10,6;54;43;44;137;4,6;1,3;
2023/05/14;1400 UTC;0;938,7;939,2;938,7;2621,6;25,7;12,1;26;23,9;12,8;10,6;46;40;43;109;4,4;1,8;
2023/05/14;1500 UTC;0;937,8;938,7;937,8;2901,2;27,3;9,6;27,7;25,6;13,1;9,6;45;33;33;47;7,2;2;
2023/05/14;1600 UTC;0;936,8;937,8;936,8;2937,2;28;9,8;28,3;26,9;11,9;8,9;39;31;32;147;7,2;1,3;
2023/05/14;1700 UTC;0;935,9;936,8;935,9;2714,8;28,1;9,7;29;27,5;11,2;9,3;35;31;32;193;3,7;1,7;
2023/05/14;1800 UTC;0;935,5;935,9;935,5;2246,7;28,7;10,4;29,7;28,1;12,2;9,5;36;30;32;153;5,1;1,2;
2023/05/14;1900 UTC;0;935,6;935,7;935,5;1545,2;28,2;10,4;29,4;28,2;11,8;9,9;34;31;33;176;3,7;1,3;
2023/05/14;2000 UTC;0;935,7;935,7;935,6;500;27;12,5;28,2;26,9;12,9;10,5;41;33;41;158;4,7;1,9;
2023/05/14;2100 UTC;0;936;936;935,7;58,8;24,6;13,3;27;24,6;13,5;12,5;49;41;49;217;3,3;,8;
2023/05/14;2200 UTC;0;936,2;936,2;936;;23,3;13,7;24,7;23,3;13,9;12,8;55;49;55;213;2,4;,5;
2023/05/14;2300 UTC;0;936,9;936,9;936,2;;21,6;13,5;23,6;21,1;14,4;13,3;63;52;60;240;2,3;1,8;
2023/05/15;0000 UTC;0;937,2;937,2;936,9;;21,6;12,4;22,3;21,4;13,4;12,2;60;53;56;258;2,6;,8;
2023/05/15;0100 UTC;0;937,3;937,3;937,2;;20,7;12,6;21,8;20,6;14,3;12,4;65;56;60;244;2,2;1;
2023/05/15;0200 UTC;0;937,3;937,4;937,3;;20,4;12,4;21,5;20,4;12,7;11,9;60;55;60;243;2,8;,9;
2023/05/15;0300 UTC;0;937,3;937,5;937,2;;19,8;12,8;20,4;19,5;13;12,3;65;60;64;225;4,4;1;
2023/05/15;0400 UTC;0;937,1;937,3;937,1;;20,4;12,4;20,8;17,9;13,1;12,3;72;59;60;187;2,8;1;
2023/05/15;0500 UTC;0;936,6;937,1;936,6;;19;12,6;20,6;18,8;12,6;12;66;59;66;158;2,4;,5;
2023/05/15;0600 UTC;0;936,1;936,6;936,1;;18,5;12,1;19,3;18,3;12,5;12;68;64;66;268;2;1,1;
2023/05/15;0700 UTC;0;935,9;936,1;935,9;;19,4;11,2;19,4;18,4;12,3;11,1;67;59;59;224;2,9;1,8;
2023/05/15;0800 UTC;0;936,3;936,3;935,9;;18,3;11,4;19,8;18,3;11,5;11,1;64;58;64;223;3,2;1,1;
2023/05/15;0900 UTC;0;936,8;936,8;936,3;;17,9;11,8;18,3;17,4;12;11,4;69;64;67;198;2,9;1,9;
2023/05/15;1000 UTC;0;937,5;937,5;936,8;24,7;17,4;12,1;17,9;17;12,1;11,5;71;67;71;231;2,9;1,9;
2023/05/15;1100 UTC;0;937,9;937,9;937,5;554,9;21,1;12,5;21,1;17,4;12,9;12;71;58;58;224;3,2;1,6;
2023/05/15;1200 UTC;0;938,3;938,3;937,9;1404,6;22,5;11,8;22,5;21;12,8;11,8;59;51;51;218;3,8;1,7;
2023/05/15;1300 UTC;0;938,6;938,6;938,3;2100,9;25,6;11;26;22,4;13,7;10,6;52;39;40;119;3,8;1,5;
2023/05/15;1400 UTC;0;938,2;938,6;938,2;2603,9;26,2;13;26,9;25,5;13;10,9;45;39;44;167;3,8;1,8;
2023/05/15;1500 UTC;0;937,4;938,2;937,4;2885,3;27,5;10,5;27,7;26;13,1;9,8;44;34;35;114;5;1,7;
2023/05/15;1600 UTC;0;936,4;937,4;936,4;2920,8;28,9;12,2;29;26,9;13;10;41;34;36;147;3,4;1;
2023/05/15;1700 UTC;0;935,6;936,4;935,6;2708,9;29;11,8;29,1;27,7;13,4;10,9;39;34;34;248;4,1;1,2;
2023/05/15;1800 UTC;0;935,1;935,6;935,1;2291,1;28,6;11,7;29,8;28,2;14;11,3;40;34;35;201;4,3;2,4;
2023/05/15;1900 UTC;0;934,8;935,1;934,8;1585,4;29,2;12,1;29,5;28,6;13,3;11,5;38;33;35;43;4,3;1,4;
2023/05/15;2000 UTC;0;934,9;934,9;934,7;495,7;28,4;12,6;29,6;28,4;12,8;10,9;38;33;38;147;7,5;1,2;
2023/05/15;2100 UTC;0;935,2;935,2;934,9;62,2;25,8;14,7;28,4;25,8;14,9;12;51;37;50;177;2,9;1,4;
2023/05/15;2200 UTC;0;935,4;935,4;935,2;;23,3;14,6;25,8;23,3;15,6;14,6;58;50;58;234;2,6;2;
2023/05/15;2300 UTC;0;936;936;935,4;;21,3;14,3;23,9;21,1;14,9;14;65;56;64;263;3,9;2,2;
2023/05/16;0000 UTC;0;936,3;936,4;936;;21,2;13,6;23,6;21,1;14,6;13,1;64;52;62;176;4,7;1,2;
2023/05/16;0100 UTC;0;936,4;936,4;936,3;;21,4;13,3;22,2;21,2;13,8;12,7;62;56;60;222;2,5;1,3;
2023/05/16;0200 UTC;0;936,5;936,5;936,4;;21,7;12,9;22,1;21,4;13,2;12,6;60;55;57;211;2,1;,9;
2023/05/16;0300 UTC;0;936;936,5;936;;20,2;13,3;21,7;20,1;13,3;12,9;65;57;64;222;1,9;1,1;
2023/05/16;0400 UTC;0;935,4;936;935,4;;19,5;12,8;20,2;19,5;13,4;12,6;68;63;65;222;1,9;1,1;
2023/05/16;0500 UTC;0;935;935,4;935;;19,3;12,3;19,7;19,1;12,8;12,2;65;63;64;223;3,3;2,1;
2023/05/16;0600 UTC;0;934,9;935;934,9;;18,9;12,6;19,6;18,9;12,7;12,3;67;64;67;208;3,3;1,4;
2023/05/16;0700 UTC;0;934,9;935;934,9;;17,6;12,6;18,9;17,4;12,8;12,4;73;67;72;223;2,8;1,2;
2023/05/16;0800 UTC;0;935;935,1;934,8;;17,9;11,9;18,2;17,4;12,6;11,9;72;67;68;246;3,8;2,6;
2023/05/16;0900 UTC;0;935,3;935,3;935;;17,1;11,9;18,1;17,1;12,1;11,9;72;68;72;228;3,8;1,7;
2023/05/16;1000 UTC;0;936;936;935,3;24,7;17,5;12,1;17,6;16,8;12,2;11,9;74;70;71;226;2,6;1,5;
2023/05/16;1100 UTC;0;936,6;936,6;936;548;20,2;14;21,5;17,3;14;11,3;72;53;68;156;1,9;,5;
2023/05/16;1200 UTC;0;937,1;937,1;936,6;1382,1;22,6;12;22,7;20,2;14,5;12;68;51;51;193;2,5;1,5;
2023/05/16;1300 UTC;0;937,5;937,5;937,1;2094,5;24,4;12,7;24,4;22,6;12,9;10,9;54;46;48;153;4,4;1,7;
2023/05/16;1400 UTC;0;937;937,5;937;2597,9;25;12,3;26,3;24;14,1;11,5;49;43;45;168;4,2;1,3;
2023/05/16;1500 UTC;0;936,2;937;936,2;2875,3;26,4;12,1;27;25;13,7;10,7;48;38;41;168;4,2;1,9;
2023/05/16;1600 UTC;0;935,4;936,2;935,4;2924,3;26,8;11,3;28,4;26,4;13,5;10,1;42;34;38;186;4,5;1,9;
2023/05/16;1700 UTC;0;934,3;935,4;934,3;2730;27,7;11,9;28,6;26,6;13,2;10,7;41;35;38;172;4,7;1,6;
2023/05/16;1800 UTC;0;933,7;934,3;933,7;2266,1;28,1;11,9;28,7;27,6;12,9;10,9;39;35;37;220;5,3;2,5;
2023/05/16;1900 UTC;0;933,3;933,7;933,3;1563,4;28,2;12,9;28,9;28,1;13;11,3;39;35;39;211;5,3;2,2;
2023/05/16;2000 UTC;0;933,6;933,6;933,2;471,8;27,7;13;28,3;27,7;13,3;12;41;37;40;187;3,2;1,1;
2023/05/16;2100 UTC;0;934,1;934,1;933,6;65,1;25,2;14,8;27,7;25,2;14,9;12,9;52;40;52;186;2,4;1,1;
2023/05/16;2200 UTC;0;934,5;934,5;934,1;;22,8;13,9;25,2;22,7;15,2;13,9;59;53;57;238;2,9;2;
2023/05/16;2300 UTC;0;934,9;934,9;934,5;;22,7;13,9;22,8;22,3;14;13,6;59;57;57;292;2,8;1,3;
2023/05/17;0000 UTC;0;935,4;935,4;934,9;;22;12,6;23,1;21,9;13,9;12,6;57;54;55;259;2;1;
2023/05/17;0100 UTC;0;935,6;935,6;935,4;;21,2;12,4;22,1;21;13,1;12,3;60;55;57;238;3,1;2,5;
2023/05/17;0200 UTC;0;935,6;935,6;935,5;;20,5;12,5;21,2;20,2;13;12,3;63;57;60;244;3,1;2,3;
2023/05/17;0300 UTC;0;935,7;935,7;935,6;;19,8;12,4;21,1;19,7;12,6;12,3;64;58;62;223;3;,9;
2023/05/17;0400 UTC;0;935,4;935,7;935,4;;19,6;12,5;21,2;19,6;12,5;11,8;64;56;64;221;2,5;,6;
2023/05/17;0500 UTC;0;935;935,4;934,9;;18,7;12,5;19,8;18,7;12,9;12,5;67;64;67;213;2,2;1,1;
2023/05/17;0600 UTC;0;934,7;935;934,7;;18,9;12,6;19,2;18,3;13;12,6;70;67;67;212;2,8;1,5;
2023/05/17;0700 UTC;0;934,4;934,7;934,4;;16,5;12,2;19;16,4;12,6;12;76;66;76;231;2,9;1,7;
2023/05/17;0800 UTC;0;934,2;934,4;934,2;;17,3;11;17,4;16;12,5;10,9;76;65;66;230;3,1;1,2;
2023/05/17;0900 UTC;0;934,8;934,8;934,2;;16,9;11,1;17,3;15,8;11,9;10,7;77;66;69;235;2,2;1,7;
2023/05/17;1000 UTC;0;935,8;935,8;934,8;23,8;16,9;11,2;17;15,9;11,3;10,9;73;69;69;232;2,6;1,7;
2023/05/17;1100 UTC;0;936,3;936,3;935,8;556,2;20,3;13,7;20,3;16,9;13,7;11,2;70;56;66;214;2,3;1,1;
2023/05/17;1200 UTC;0;937,2;937,2;936,3;1381,7;22,5;10,1;22,5;20,3;13,7;9,4;66;43;45;152;3,6;1,8;
2023/05/17;1300 UTC;0;937,2;937,3;937,2;2109,1;24,4;9,2;24,6;22,5;10,8;8,8;47;38;38;136;4,5;1,4;
2023/05/17;1400 UTC;0;937;937,3;937;2607,3;25,8;10,6;26,2;24,3;11,8;9,3;44;37;39;155;4,3;1,6;
2023/05/17;1500 UTC;0;936,1;937;936,1;2875,5;27,6;10,2;27,7;25,6;11,6;8,7;40;31;34;66;4,9;1,6;
2023/05/17;1600 UTC;0;935,1;936,1;935,1;2938,3;28;10,1;28,6;26,7;11,1;8;36;30;33;132;3,9;2,1;
2023/05/17;1700 UTC;0;933,9;935,1;933,9;2724,3;29;10;29,1;27,2;10,9;8,2;33;29;31;113;4,3;1,6;
2023/05/17;1800 UTC;0;933,2;933,9;933,2;2257;28,8;8,9;29,9;28,2;11,5;8,6;33;28;29;125;3,8;1,2;
2023/05/17;1900 UTC;0;933,1;933,2;933;1557;28,5;8,9;29;28;9,9;8,2;31;28;29;219;3,1;1,1;
2023/05/17;2000 UTC;0;933,3;933,3;933,1;449;26,8;11,1;28,9;26,8;11,8;8,8;38;29;38;188;3,2;1,5;
2023/05/17;2100 UTC;0;933,8;933,8;933,3;66,4;24,7;12;26,8;24,7;12;10,8;45;37;45;172;3,1;1;
2023/05/17;2200 UTC;0;934,2;934,2;933,8;;22,7;11,6;24,7;22,1;13,5;11,6;54;45;50;247;2;1,6;
2023/05/17;2300 UTC;0;935,1;935,1;934,2;;21,7;11,4;22,7;21,6;13,2;11;56;49;52;234;2,5;,6;
2023/05/18;0000 UTC;0;935,6;935,6;935,1;;21,2;12,9;21,7;20,5;13,1;11;62;52;59;310;1,2;1;
2023/05/18;0100 UTC;0;935,8;935,8;935,6;;19,8;12,7;21,2;19,7;12,9;10,8;64;54;64;333;1,7;,4;
2023/05/18;0200 UTC;0;935,9;935,9;935,8;;18,6;11,8;20,1;18,6;12,9;10,5;66;55;65;284;1,5;,4;
2023/05/18;0300 UTC;0;936,2;936,2;935,8;;17,6;10,7;19,5;14,7;12,1;9,4;76;56;64;241;6,5;3,5;
2023/05/18;0400 UTC;0;936;936,2;936;;19,5;10;19,5;17,6;11,2;10;64;54;54;232;4,8;2,5;
2023/05/18;0500 UTC;0;935,7;936,1;935,6;;18,9;10,1;19,6;18,7;10,1;9,3;57;52;57;252;3,7;1,5;
2023/05/18;0600 UTC;0;935,2;935,7;935,2;;16,3;11,2;18,9;16;11,3;10,1;73;57;72;3;2,2;1,4;
2023/05/18;0700 UTC;0;935,3;935,3;935,1;;15,1;10,6;16,3;15,1;11,3;10,6;77;72;75;283;1,9;,7;
2023/05/18;0800 UTC;0;935,6;935,7;935,2;;15,9;9,8;16,4;15;10,7;9,7;75;66;67;265;2;,6;
2023/05/18;0900 UTC;0;936,3;936,3;935,6;;14,7;10,1;16,1;14,4;10,5;9,8;77;67;74;230;2,2;1,6;
2023/05/18;1000 UTC;0;937,3;937,3;936,3;24,1;14,8;10,5;15;14,4;10,8;10;77;73;75;285;2,1;,5;
2023/05/18;1100 UTC;0;938,3;938,3;937,3;551,7;20,1;11,3;20,1;14,8;11,4;9,7;75;53;57;201;2,1;,4;
2023/05/18;1200 UTC;0;938,8;938,8;938,3;1369,9;21,1;9,3;21,1;19,8;11,5;9;57;47;47;173;2,7;1,2;
2023/05/18;1300 UTC;0;938,7;939;938,7;2015,1;23,2;10,2;23,4;21,1;11,1;9,1;49;43;44;113;3,2;,9;
2023/05/18;1400 UTC;0;938,3;938,7;938,3;2617,6;25,4;11,9;25,4;23,2;12,5;10;46;40;43;111;5,1;2,2;
2023/05/18;1500 UTC;0;937,6;938,3;937,6;2896,2;26,5;11,3;26,6;24,8;12,4;9,7;43;38;39;129;6,1;2;
2023/05/18;1600 UTC;0;936,9;937,6;936,9;2937,2;27,2;9,4;28,1;25,1;12,2;9,4;42;32;33;129;5;2;
2023/05/18;1700 UTC;0;936,2;936,8;936,2;2725;27,4;9,1;27,8;26,5;11,3;8,6;37;31;32;192;4,5;1,3;
2023/05/18;1800 UTC;0;935,7;936,2;935,7;2233;27,7;9,5;28,3;26,8;10,4;8,7;34;31;32;163;3,4;1,2;
2023/05/18;1900 UTC;0;935,5;935,7;935,5;1582,1;27,5;9,8;28,4;27,4;11,4;9;36;31;33;200;4,4;1,6;
2023/05/18;2000 UTC;0;935,7;935,7;935,4;442,5;26,3;9,6;27,7;26,3;10,6;8,9;36;31;35;183;3,5;1,5;
2023/05/18;2100 UTC;0;935,9;935,9;935,7;68,2;23,6;12,2;26,4;23,6;12,2;9,7;49;35;49;202;2,9;1;
2023/05/18;2200 UTC;0;936,2;936,2;935,9;;21,9;10,6;23,8;21,9;12,1;10,3;51;46;49;243;1,8;,5;
2023/05/18;2300 UTC;0;936,8;936,9;936,3;;20;11,3;21,9;19,9;11,7;10,5;58;49;57;255;1,7;1,1;
2023/05/19;0000 UTC;0;937,1;937,2;936,8;;19;12,5;20,8;18,9;12,9;11;66;55;66;316;1,5;,4;
2023/05/19;0100 UTC;0;936,9;937,2;936,9;;18,6;11,8;19,4;18,6;12,8;10,9;67;60;65;4;,9;,2;
2023/05/19;0200 UTC;0;936,8;937;936,8;;18,1;10,7;18,6;17,8;12,4;10,7;70;60;62;246;1,2;,8;
2023/05/19;0300 UTC;0;936,7;936,9;936,7;;16,4;11,6;18,1;14,9;11,8;10,1;75;61;73;141;1,9;1,2;
2023/05/19;0400 UTC;0;936,7;936,8;936,6;;17,8;10,4;18;16,5;11,7;10,4;73;62;62;246;3,5;2,2;
2023/05/19;0500 UTC;0;936,3;936,7;936,3;;17,9;10,6;17,9;16,7;10,8;10,3;68;61;62;194;3,2;1,7;
2023/05/19;0600 UTC;0;936;936,3;936;;17;10,5;18;17;10,6;10,3;66;62;66;252;2,9;1,8;
2023/05/19;0700 UTC;0;935,8;936;935,8;;15,6;10,5;17;15,5;10,7;10,3;72;66;72;245;2,3;,6;
2023/05/19;0800 UTC;0;936,1;936,1;935,8;;15,4;10,4;16,4;14,8;10,7;9,9;74;68;72;254;2,2;1,3;
2023/05/19;0900 UTC;0;936,7;936,7;936,1;;16,7;10,5;16,7;14,8;10,6;9,8;74;67;67;237;2,2;1,8;
2023/05/19;1000 UTC;0;937,5;937,5;936,7;23,5;15;10,3;16,7;14,1;10,4;9,3;77;66;74;351;2,1;,5;
2023/05/19;1100 UTC;0;938,1;938,1;937,5;541,7;18,9;11,6;19,2;15;12,7;10,2;74;63;63;32;1,1;,5;
2023/05/19;1200 UTC;0;938,6;938,6;938,1;1318,2;21,3;11,9;21,3;18,9;13;11,1;64;55;55;181;1,7;,7;
2023/05/19;1300 UTC;0;938,7;938,7;938,6;2094,5;24,1;13,1;24,1;21,3;13,1;10,5;56;45;50;97;4,8;1,9;
2023/05/19;1400 UTC;0;938;938,6;938;2596,1;25,2;12,2;25,2;23,2;12,9;10,8;50;42;44;128;5;1,6;
2023/05/19;1500 UTC;0;937,3;938;937,3;2874,2;25,6;10,8;26,7;24,8;13,1;10,3;46;37;40;6;5,1;1,2;
2023/05/19;1600 UTC;0;936,1;937,3;936,1;2922,1;26,8;9,7;28;25,6;13,3;9,4;42;33;34;67;4,7;1,7;
2023/05/19;1700 UTC;0;935;936,1;935;2735,8;26,6;9,8;27,7;26,3;11,8;9,3;38;33;35;162;4,5;2,2;
2023/05/19;1800 UTC;0;934,3;935;934,3;2246,4;28,2;9,4;28,4;26,4;11,1;9,2;38;31;31;91;4,5;1,6;
2023/05/19;1900 UTC;0;934,1;934,3;934,1;1571;27,2;9,4;28,6;27,1;11,2;9,2;35;31;33;168;4;1,6;
2023/05/19;2000 UTC;0;934,6;934,6;934,1;424,1;26,1;10,6;27,4;26,1;11,1;8,9;39;32;38;152;3,6;1,3;
2023/05/19;2100 UTC;0;935;935;934,5;71,2;23;12,6;26,1;22,9;12,7;10,5;52;38;52;223;2,8;1,6;
2023/05/19;2200 UTC;0;935,3;935,3;935;;21,6;11;23;21,5;12,5;10,9;54;50;51;244;2,8;1,8;
2023/05/19;2300 UTC;0;935,5;935,6;935,2;;20,7;12,9;21,7;20,7;13;10,6;61;49;61;5;2,9;1;
2023/05/20;0000 UTC;0;935,8;935,8;935,5;;18,5;11,5;20,7;18,5;12,9;11,2;65;61;64;357;1,5;,6;
2023/05/20;0100 UTC;0;936,2;936,2;935,8;;18,5;12,3;18,9;18,3;12,5;11,2;68;62;67;328;1,6;,7;
2023/05/20;0200 UTC;0;936,3;936,4;936;;15,9;11,2;18,6;14,1;12,7;9,9;79;67;74;235;6,9;3,2;
2023/05/20;0300 UTC;0;936,2;936,3;936,2;;17,8;10,5;18,2;15,9;11,2;10,5;74;61;62;220;4,2;1,1;
2023/05/20;0400 UTC;0;936;936,4;936;;17,9;10,3;18,7;17,8;10,6;10;62;58;61;259;2,2;,5;
2023/05/20;0500 UTC;0;935,5;936;935,5;;17,2;9,9;18,1;15;10,7;9,6;73;60;62;183;1,6;,5;
2023/05/20;0600 UTC;0;935,3;935,5;935,3;;15,6;9,7;17,8;15,5;10,2;9,6;68;60;68;219;1,8;1,3;
2023/05/20;0700 UTC;0;935,7;935,7;935,3;;14,9;10,2;16,1;14,9;10,3;9,7;74;67;74;326;2,7;1;
2023/05/20;0800 UTC;0;935,8;935,9;935,6;;14,8;10,2;15,6;14,6;10,7;9,9;75;72;74;221;2,7;2,2;
2023/05/20;0900 UTC;0;936,3;936,3;935,8;;15,9;10,6;15,9;14,4;10,8;10,3;76;71;71;214;2,9;1,7;
2023/05/20;1000 UTC;0;937,1;937,1;936,3;22,7;15,6;10,4;16,1;14,9;10,7;10,2;74;70;72;212;3,3;1,7;
2023/05/20;1100 UTC;0;937,7;937,7;937,1;538,8;17,7;11,1;17,7;15,6;11,3;10,5;72;65;65;205;3,4;1,2;
2023/05/20;1200 UTC;0;938,5;938,5;937,7;1298,9;19,9;11,5;20,1;17,7;12,1;11;66;57;59;141;2,9;1,5;
2023/05/20;1300 UTC;0;938,5;938,7;938,5;2076,3;22,2;12,1;22,7;19,8;13,4;11,2;61;53;53;85;5,5;2,7;
2023/05/20;1400 UTC;0;937,9;938,5;937,9;2590,9;23,4;11,9;23,9;22,1;13,5;11,9;57;48;48;75;6,9;2,4;
2023/05/20;1500 UTC;0;937,2;937,9;937,2;2872,4;24,3;11,5;24,5;23,2;13,5;11,5;52;45;45;63;5,8;2,2;
2023/05/20;1600 UTC;0;936;937,2;936;2912,1;26,4;11,8;26,5;24,1;13,6;10,7;50;38;40;69;6;1,7;
2023/05/20;1700 UTC;0;935;936;935;2709,9;26,3;8,5;26,9;25,4;12,2;8,5;43;32;32;32;6,3;1,9;
2023/05/20;1800 UTC;0;934,2;935;934,2;2230,8;27,2;7,8;27,4;26,2;11,1;7,8;38;29;29;126;3,8;1,5;
2023/05/20;1900 UTC;0;933,8;934,2;933,8;1547,3;26,9;7,1;27,3;26,6;9,3;6,8;33;28;29;101;4,6;2,9;
2023/05/20;2000 UTC;0;933,8;933,8;933,7;404,4;25,1;9,6;26,9;25,1;10;5,5;38;26;38;149;4,6;1,6;
2023/05/20;2100 UTC;0;934,2;934,2;933,8;72,9;22,4;11,8;25,1;22,4;11,8;9,5;51;37;51;192;3,4;,9;
2023/05/20;2200 UTC;0;934,4;934,4;934,2;;20,7;11,1;22,4;20,7;11,9;11;54;51;54;199;2,5;,8;
2023/05/20;2300 UTC;0;935;935;934,4;;19,9;10,2;20,9;19,8;11,1;10,1;55;51;54;242;2,7;1,9;
2023/05/21;0000 UTC;0;935,4;935,4;935;;19,4;8,9;19,9;19,1;10,3;8,9;55;51;51;239;2,6;2;
2023/05/21;0100 UTC;0;935,6;935,7;935,4;;18;11,3;20;18;11,3;8,2;65;47;65;312;2,6;,5;
2023/05/21;0200 UTC;0;935,6;935,7;935,6;;17,8;9,5;19;17,5;11,5;8,7;66;52;58;304;1,6;,5;
2023/05/21;0300 UTC;0;935,6;935,6;935,4;;14;9,3;17,8;13,8;11,1;8,7;73;58;73;148;5;2,2;
2023/05/21;0400 UTC;0;935,2;935,7;935,2;;15,9;9,5;16,3;14;10;9,3;74;64;66;275;4,2;1,2;
2023/05/21;0500 UTC;0;934,8;935,2;934,8;;16,1;9,6;16,3;15,7;9,7;9,2;67;63;65;266;2,1;1;
2023/05/21;0600 UTC;0;934,6;934,8;934,6;;15,5;8,9;16,4;15,4;9,5;8,7;66;61;65;258;2,3;1,3;
2023/05/21;0700 UTC;0;934,7;934,8;934,5;;15,8;8,9;16,3;14,4;9,5;8,6;72;61;64;39;2,9;,9;
2023/05/21;0800 UTC;0;935;935;934,7;;14;8,5;16,5;14;9,2;8,5;70;61;69;157;1,7;,7;
2023/05/21;0900 UTC;0;935,5;935,5;935;;14,4;9,3;14,6;13,1;9,3;8,2;74;69;71;263;1,9;,8;
2023/05/21;1000 UTC;0;936,2;936,2;935,5;22,6;13,9;9,2;14,6;13,6;9,3;8,8;74;70;74;353;1,2;,9;
2023/05/21;1100 UTC;0;937;937;936,2;557;18;10;18;13,7;10,5;9,1;74;60;60;6;2,8;1,6;
2023/05/21;1200 UTC;0;937,4;937,4;936,9;1303,3;19,9;10,7;20,3;17,9;11,5;10;61;55;55;68;6,5;3,1;
2023/05/21;1300 UTC;0;937,5;937,5;937,3;2082,3;21,5;11,6;21,6;19,7;12,1;10,3;57;52;53;62;6,5;3,1;
2023/05/21;1400 UTC;0;937,1;937,5;937,1;2586,9;22,4;11,2;22,7;20,9;12,2;10,6;54;48;49;47;7,3;4,1;
2023/05/21;1500 UTC;0;936;937,1;936;2858;23,5;11,2;24,3;22,1;12,5;10,8;50;45;46;43;8,6;3,5;
2023/05/21;1600 UTC;0;935,4;936;935,4;2926,4;24,8;10,7;25;23,3;12,8;9,6;49;39;41;56;8,7;4,3;
2023/05/21;1700 UTC;0;934,3;935,4;934,3;2735,3;25,1;10,2;26,2;24,5;11,3;8,2;41;33;39;39;8,7;2,5;
2023/05/21;1800 UTC;0;933,5;934,3;933,5;2244,1;25,4;8,2;26,4;25,1;10,4;7,9;40;33;34;50;7,7;3;
2023/05/21;1900 UTC;0;933,4;933,6;933,3;1592,4;25,6;8,8;26,2;25,2;9,6;7,9;36;32;35;58;6,7;3,2;
2023/05/21;2000 UTC;0;933,7;933,7;933,2;393,3;24,4;9,1;25,8;24,4;9,9;8,1;39;33;38;103;5,6;2,4;
2023/05/21;2100 UTC;0;934;934;933,7;74,2;21,5;10,4;24,4;21,4;10,4;9,2;49;38;49;107;4,2;1,5;
2023/05/21;2200 UTC;0;934,5;934,5;934;;20,4;10,3;21,7;20,2;10,9;10,3;55;48;52;210;2,1;1,3;
2023/05/21;2300 UTC;0;935,2;935,2;934,5;;19,1;9,5;20,4;18,9;10,4;9,5;56;52;54;232;2,6;1,7;
2023/05/22;0000 UTC;0;935,4;935,4;935,2;;18,1;10,8;19,3;18,1;11,2;9,1;63;52;62;303;2,3;,7;
2023/05/22;0100 UTC;0;935,5;935,5;935,4;;17,7;9,9;18,4;17;11,2;9,9;65;60;60;243;1,3;,6;
2023/05/22;0200 UTC;0;935,6;935,7;935,5;;16,9;9,5;18;16,1;10,2;9,2;64;57;61;255;2,1;1,2;
2023/05/22;0300 UTC;0;935,6;935,7;935,6;;15,9;9,3;17,1;15,5;10,3;9,3;70;61;65;244;1,8;,6;
2023/05/22;0400 UTC;0;935,7;935,8;935,6;;16,1;9,3;16,3;15,4;10,6;9,1;71;64;64;225;1,9;1;
2023/05/22;0500 UTC;0;935,2;935,7;935,2;;15,4;9;16,4;15,4;9,5;8,7;66;61;66;244;2,4;1,1;
2023/05/22;0600 UTC;0;934,8;935,4;934,8;;15,2;9,3;15,5;12,1;9,6;7,7;78;65;68;241;3,6;2;
2023/05/22;0700 UTC;0;934,9;935;934,6;;15,4;9,5;15,7;13,7;9,8;9,2;75;66;68;250;2,8;1,7;
2023/05/22;0800 UTC;0;935,2;935,2;934,8;;14,4;9,3;15,6;13,7;9,7;9,1;75;66;71;293;2,3;1,2;
2023/05/22;0900 UTC;0;936,1;936,1;935,2;;13,6;8,9;14,8;13,5;9,6;8,7;75;70;73;261;2,1;,6;
2023/05/22;1000 UTC;0;936,7;936,7;936,1;21,6;13,2;9,3;14,5;13,2;9,4;8,9;77;71;77;103;1,5;,4;
2023/05/22;1100 UTC;0;937,5;937,5;936,7;552,8;16,9;10,2;17;13,2;11,2;9,2;77;64;64;177;1,1;,4;
2023/05/22;1200 UTC;0;938,8;938,8;937,6;1272,9;20,4;10,3;20,4;16,9;12;9,6;72;52;52;147;1,9;,9;
2023/05/22;1300 UTC;0;938,9;939;938,8;2018,5;21,5;11,8;22,1;20,4;12,4;10,4;56;52;54;138;4,3;1,5;
2023/05/22;1400 UTC;0;938,3;938,9;938,3;2480,7;23,6;13,5;23,8;21,5;13,5;11,9;56;49;53;77;6,3;3,4;
2023/05/22;1500 UTC;0;937,4;938,3;937,4;2798,5;24,5;13,2;24,7;23,3;13,5;12,1;53;47;49;86;7,9;2,7;
2023/05/22;1600 UTC;0;936,5;937,4;936,5;2640,5;25,6;10,5;25,7;24,4;13,7;9,9;50;39;39;62;7,9;2,9;
2023/05/22;1700 UTC;0;936;936,5;936;2599;26;8,4;26,6;25,2;12,6;7,7;43;31;33;86;6;2,3;
2023/05/22;1800 UTC;0;935,5;936;935,4;2090,4;25,7;8,4;26,4;25,4;9,9;7,2;37;30;34;152;6,2;1,4;
2023/05/22;1900 UTC;0;935;935,5;935;1138,4;25,6;10,5;26,4;25,3;10,7;8,2;40;33;39;86;5,5;2,5;
2023/05/22;2000 UTC;0;935,1;935,2;935;486,4;24;10,8;25,8;24;11,1;9,2;43;35;43;119;5,5;1,1;
2023/05/22;2100 UTC;0;935,4;935,4;935,1;106;22,2;11,7;24;22,2;12,2;10,8;53;43;51;129;2,8;,9;
2023/05/22;2200 UTC;0;935,6;935,6;935,3;;20,4;11,5;22,2;19,8;12,4;11,5;62;51;57;234;3;2,1;
2023/05/22;2300 UTC;0;936,2;936,2;935,6;;19,9;10,9;20,5;19,7;11,5;10,8;58;55;56;250;3,1;1,7;
2023/05/23;0000 UTC;0;936,4;936,4;936,2;;19,9;10,3;20,5;19,5;10,9;10,2;57;52;54;244;2,4;1,8;
2023/05/23;0100 UTC;0;936,7;936,7;936,4;;16,8;11,9;20,5;14,8;11,9;10,2;78;52;73;159;3,1;1;
2023/05/23;0200 UTC;0;936,9;936,9;936,6;;17,6;10,6;18,4;15,8;11,8;10,5;73;62;64;220;3,5;2;
2023/05/23;0300 UTC;0;936,9;937;936,9;;18,1;10,8;18,3;17,4;11,2;10,7;65;62;63;210;3,6;2;
2023/05/23;0400 UTC;0;936,8;937;936,8;;18;11,2;18,1;17,2;11,2;10,6;66;63;64;190;3,7;1,2;
2023/05/23;0500 UTC;0;936,8;936,9;936,8;;17,4;10,9;18;17,4;11,2;10,9;66;64;66;222;3,2;1,7;
2023/05/23;0600 UTC;0;936,8;936,9;936,8;;17,1;10,9;17,6;16,8;11,1;10,8;68;65;67;214;3,1;1,9;
2023/05/23;0700 UTC;0;936,7;936,8;936,6;;16,2;10,9;17,1;16,2;11;10,7;71;67;71;260;3;,8;
2023/05/23;0800 UTC;0;937;937;936,7;;15,6;10,7;16,5;15,4;11;10,5;73;70;73;294;2,2;,7;
2023/05/23;0900 UTC;0;937,2;937,2;936,9;;15,5;10,9;16;14,9;11,2;10,5;76;72;74;272;1,4;,3;
2023/05/23;1000 UTC;0;937,9;938;937,2;31,9;15;11,1;16,3;14,7;11,2;10,4;78;72;77;233;1,5;1;
2023/05/23;1100 UTC;0;938,2;938,3;937,9;496;18,3;12,6;18,3;15;12,6;11;77;63;69;4;1,6;,8;
2023/05/23;1200 UTC;0;938,8;938,8;938,2;1185;20,4;12,7;20,7;18,3;12,9;11,2;69;58;61;127;3;1,7;
2023/05/23;1300 UTC;0;938,8;938,9;938,8;1963,5;22,4;12,9;22,5;20,4;13,5;11,6;62;54;55;109;3,9;1,9;
2023/05/23;1400 UTC;0;938,6;939;938,6;2166,6;23,5;12,9;24,2;21,9;13,4;11,9;56;48;51;61;5,5;2,5;
2023/05/23;1500 UTC;0;937,6;938,6;937,6;2355,2;25,4;12,2;25,5;23,5;13,6;11,6;51;44;44;117;6,3;3,6;
2023/05/23;1600 UTC;0;936,7;937,6;936,7;2350,3;25,3;12,5;25,8;24,1;12,9;10,8;47;40;45;78;6,3;2,2;
2023/05/23;1700 UTC;0;935,9;936,7;935,9;2263,4;25,4;11,9;26;24,5;13,2;10,9;47;40;43;130;6;2,8;
2023/05/23;1800 UTC;0;935,3;935,9;935,3;2011,6;26,2;12,7;26,3;24,9;13,2;10,4;46;40;43;149;6,8;2,8;
2023/05/23;1900 UTC;0;935,3;935,5;935,2;1204,4;24,9;12,5;26,8;24,4;13,2;10,9;46;39;46;121;6,8;2,8;
2023/05/23;2000 UTC;0;935,5;935,5;935,3;466,6;23,9;12,6;25,4;23,8;12,7;11,2;50;43;49;166;4,6;1,4;
2023/05/23;2100 UTC;0;935,8;935,8;935,5;95,4;21,9;13,2;23,9;21,7;13,4;12,4;59;49;58;201;3,2;1,5;
2023/05/23;2200 UTC;0;936,1;936,1;935,8;;20,3;12,3;21,9;20,1;13,3;12,2;61;58;60;236;2,6;1,4;
2023/05/23;2300 UTC;0;936,5;936,5;936,1;;19,8;12,3;20,3;19,5;12,4;12;63;60;62;249;1,9;1,1;
2023/05/24;0000 UTC;0;936,5;936,5;936,4;;19,1;12,1;19,8;19;12,4;12,1;64;62;64;239;2,2;,8;
2023/05/24;0100 UTC;0;936,4;936,6;936,4;;17,7;11,9;19,2;17,5;12,2;11,6;69;64;69;228;2,6;2;
2023/05/24;0200 UTC;0;936,6;936,6;936,4;;18,4;11,7;19;17,7;12,3;11,6;69;63;65;220;2,7;1,7;
2023/05/24;0300 UTC;0;936,5;936,7;936,5;;18,3;11,9;18,7;17,2;12;11,5;70;65;66;222;2,6;1,4;
2023/05/24;0400 UTC;0;936,2;936,5;936,2;;17;11,4;18,3;16,9;11,8;11,3;71;65;70;235;3,1;2,6;
2023/05/24;0500 UTC;0;935,8;936,2;935,8;;16,9;11,1;17,1;16,5;11,4;10,8;70;68;69;237;3;1,6;
2023/05/24;0600 UTC;0;935,5;935,8;935,5;;16,5;10,8;17,2;16,4;11,1;10,6;69;66;69;227;2,4;1,6;
2023/05/24;0700 UTC;0;935,8;935,8;935,5;;16,3;10,7;16,5;15,2;10,9;10,5;75;69;70;186;2,1;,8;
2023/05/24;0800 UTC;0;936,1;936,1;935,8;;15,3;10,6;16,7;15,2;10,7;10,3;73;67;73;146;1,8;,9;
2023/05/24;0900 UTC;0;936,5;936,5;936;;15,5;10,6;15,8;15,1;10,7;10,4;74;72;73;204;2,2;1,3;
2023/05/24;1000 UTC;0;937,1;937,2;936,5;19,6;15,1;10,9;15,8;15,1;10,9;10,6;76;72;76;205;1,9;,4;
2023/05/24;1100 UTC;0;937,8;937,8;937,1;533,3;18;11,6;18;15,1;11,6;10,9;77;65;66;134;1,2;,6;
2023/05/24;1200 UTC;0;938,5;938,5;937,8;1237,1;20,6;12,7;20,7;18,1;13,3;11,3;66;60;60;96;3;1,5;
2023/05/24;1300 UTC;0;938,5;938,8;938,5;2009,6;22,8;13,9;23;20,6;14,8;12,6;63;57;57;80;7,3;4,5;
2023/05/24;1400 UTC;0;938,1;938,6;938,1;2496,5;23,4;13,7;23,7;22,3;14,6;13,4;59;54;54;56;9;4,9;
2023/05/24;1500 UTC;0;937,5;938,2;937,5;2796,8;24,3;13,9;25,1;23,4;15;13,6;55;50;52;70;8,8;3,9;
2023/05/24;1600 UTC;0;936,1;937,5;936,1;2820,8;26,3;13,7;26,4;24,3;14,7;13,6;53;46;46;73;8,2;4,2;
2023/05/24;1700 UTC;0;935,2;936,2;935,2;2771,7;26,4;13,4;27,5;25,6;14,7;12,3;49;40;45;50;8,4;4,5;
2023/05/24;1800 UTC;0;934,8;935,2;934,8;1997,2;26,3;12,8;27,2;25,7;13,6;12,4;47;41;43;56;8,4;3,6;
2023/05/24;1900 UTC;0;934,6;934,8;934,6;1378,1;26,7;12,8;27;25,3;14;12,3;47;41;42;38;6,4;3,1;
2023/05/24;2000 UTC;0;934,7;934,7;934,6;311,8;26;13;26,7;26;13,2;12,1;45;41;44;69;5,7;2,8;
2023/05/24;2100 UTC;0;935,1;935,1;934,7;71,1;23,6;13,8;26;23,6;13,9;12,8;54;44;54;150;4,4;,8;
2023/05/24;2200 UTC;0;935,2;935,2;935,1;;21,5;13,9;23,6;21,2;14,2;13,7;63;54;62;237;2;1,6;
2023/05/24;2300 UTC;0;935,9;935,9;935,2;;20,4;13,3;21,9;20,4;13,8;13,2;64;58;64;242;2,1;1,1;
2023/05/25;0000 UTC;0;936,2;936,2;935,9;;19,8;14,1;20,8;19,8;14,1;13,3;70;63;70;5;1,5;,5;
2023/05/25;0100 UTC;0;936,5;936,5;936,2;;19,1;13,6;19,8;19,1;14,3;13,5;72;69;70;271;,9;,4;
2023/05/25;0200 UTC;0;936,9;936,9;936,5;;18,5;13,2;19,1;18,4;13,8;13,1;73;70;71;211;,8;,3;
2023/05/25;0300 UTC;0;936,9;936,9;936,8;;19,5;13,2;19,5;17,6;13,4;12,8;74;67;67;206;3,8;2,1;
2023/05/25;0400 UTC;0;937;937;936,9;;19,2;13,1;19,5;19;13,2;12,9;68;67;68;205;3,8;2;
2023/05/25;0500 UTC;0;937;937;936,9;;19,5;12,6;19,5;19,2;13,1;12,6;68;64;65;198;3,4;1,7;
2023/05/25;0600 UTC;0;936,8;937;936,8;;19;12,8;19,6;19;12,8;12,5;67;64;67;173;3;1;
2023/05/25;0700 UTC;0;936,6;936,8;936,6;;18,9;12,9;19;18,6;13;12,7;69;67;68;122;2,4;,5;
2023/05/25;0800 UTC;0;936,9;936,9;936,6;;18,6;13,4;19,1;18,3;13,4;13;73;68;72;326;2,2;,6;
2023/05/25;0900 UTC;0;937;937;936,7;;17,2;13,1;18,8;17;13,5;13,1;78;71;77;210;1,6;,6;
2023/05/25;1000 UTC;0;937,7;937,7;937;22,8;17,1;13,6;17,6;16,7;13,6;13,1;81;76;80;4;1,7;,9;
2023/05/25;1100 UTC;0;938,3;938,3;937,7;528,2;20,3;13,7;20,3;16,7;13,9;12,9;80;66;66;103;1,5;,5;
2023/05/25;1200 UTC;0;939;939;938,3;1239,7;21,1;14;21,1;20,1;14,4;13;67;63;64;167;2,9;1,2;
2023/05/25;1300 UTC;0;939,1;939,1;938,9;2002,4;23,6;15,1;23,7;20,5;15,5;13,5;67;59;59;114;5,4;2,8;
2023/05/25;1400 UTC;0;938,8;939,1;938,8;2212,4;22,8;14,5;24,5;22,7;15,7;14,1;61;55;60;131;5,7;2,3;
2023/05/25;1500 UTC;0;937,9;938,8;937,9;2839;26,5;15;26,5;22,7;16,1;14;61;49;49;87;6,2;2,3;
2023/05/25;1600 UTC;0;937;937,9;937;2292,3;25,9;14,7;26,6;25,2;15,3;13,6;52;46;50;118;8;2,3;
2023/05/25;1700 UTC;0;935,9;937;935,9;1926,5;27;14;27,9;25,5;15,8;13,5;53;44;45;114;6,4;2,7;
2023/05/25;1800 UTC;0;935,4;935,9;935,4;1992,4;27,5;13,6;27,8;25,5;14,7;12,9;49;42;42;142;6,2;,7;
2023/05/25;1900 UTC;0;935,4;935,5;935,3;1173,4;27;13,7;27,8;25,1;14,2;12,9;50;41;44;133;5,3;1,6;
2023/05/25;2000 UTC;0;935,4;935,4;935,4;340,5;26,4;13,9;27,3;26,2;14,4;12,8;48;42;46;142;4,6;1,6;
2023/05/25;2100 UTC;0;935,6;935,6;935,4;69,3;23,8;14;26,4;23,8;14,4;13,7;55;46;55;158;3;,6;
2023/05/25;2200 UTC;0;935,8;935,8;935,6;;22,4;13,8;23,8;22,3;14,3;13,8;59;55;58;223;1,5;,6;
2023/05/25;2300 UTC;0;936,2;936,2;935,8;;21,1;13,8;22,4;21,1;14,2;13,5;63;58;63;231;1,5;1;
2023/05/26;0000 UTC;0;936,7;936,7;936,2;;20;13,4;21,4;20;13,8;13,4;66;61;66;237;2;,8;
2023/05/26;0100 UTC;0;937,1;937,1;936,7;;21,2;13,5;21,2;20;13,8;13,3;66;61;61;185;2,6;1,5;
2023/05/26;0200 UTC;0;937,6;937,6;937,1;;20,8;13,7;21,3;20,8;13,8;13,4;64;61;64;170;3,2;1,4;
2023/05/26;0300 UTC;0;938;938;937,6;;20,4;13,8;20,8;20,4;13,8;13,7;66;64;66;160;2,9;1,2;
2023/05/26;0400 UTC;0;938,1;938,2;938;;19,9;13,5;20,4;19,6;13,9;13,5;69;66;67;92;2,3;,9;
2023/05/26;0500 UTC;0;938,1;938,1;938;;19,6;13,7;19,9;19,3;13,7;13,4;69;67;69;71;3,2;1,4;
2023/05/26;0600 UTC;0;937,8;938,1;937,8;;19;13,3;19,6;18,7;13,7;13,2;72;68;70;76;4,9;2,2;
2023/05/26;0700 UTC;0;937,5;937,8;937,5;;18,2;13,2;19;17,7;13,3;13,1;75;69;73;59;4;1,8;
2023/05/26;0800 UTC;0;937,6;937,6;937,5;;16,9;12,9;18,2;16,7;13,1;12,8;78;73;77;87;3,3;1,7;
2023/05/26;0900 UTC;0;937,8;937,8;937,6;;15,9;12,5;16,9;15,9;12,9;12,5;80;77;80;103;3,3;1,3;
2023/05/26;1000 UTC;0;938,2;938,2;937,8;19,8;16,1;12,5;16,5;15,7;12,6;12,4;81;78;79;66;2,1;1,2;
2023/05/26;1100 UTC;0;938,7;938,7;938,2;524,1;19,3;13,2;19,6;16,1;13,6;12,3;80;67;68;113;2,1;1,2;
2023/05/26;1200 UTC;0;939,5;939,5;938,7;1222,4;21,3;13,2;21,3;19,3;13,7;12,8;69;59;60;97;7,1;3,5;
2023/05/26;1300 UTC;0;939,5;939,6;939,4;1999,2;22,7;12,6;23,1;21,3;13,8;12,4;61;52;53;66;10,3;6;
2023/05/26;1400 UTC;0;939;939,5;939;2476,1;23,8;13,7;24,3;22,5;14,1;12,5;56;50;53;85;10;4,3;
2023/05/26;1500 UTC;0;938,1;939,1;938,1;2736,7;25,1;14,2;25,6;23,6;14,8;13,1;55;49;51;87;7,3;4,1;
2023/05/26;1600 UTC;0;936,9;938,1;936,9;2781,3;25,8;13,8;26,6;24,4;15;13;52;46;47;69;6,8;3,6;
2023/05/26;1700 UTC;0;936;936,9;936;2589;25,9;14,2;26,8;25,4;14,9;13,5;50;46;49;51;6,1;2,6;
2023/05/26;1800 UTC;0;935,3;936;935,3;2147,8;27;14;27,1;25,9;15;13,2;49;44;45;49;6,8;3,6;
2023/05/26;1900 UTC;0;935,5;935,5;935,2;1518,1;27,1;14,4;27,3;26,7;14,6;13,4;47;43;46;82;6,1;3;
2023/05/26;2000 UTC;0;935,7;935,8;935,4;303,4;26;14,4;27,1;26;14,6;13,6;49;44;49;117;5,3;2,5;
2023/05/26;2100 UTC;0;936,1;936,1;935,7;68,9;23,6;14,9;26;23,5;14,9;14,4;58;49;58;132;4,2;,8;
2023/05/26;2200 UTC;0;936,3;936,3;936;;21,7;14,7;23,9;21,7;15;14,6;64;57;64;234;2,3;1,4;
2023/05/26;2300 UTC;0;936,6;936,6;936,2;;22;14,5;22,3;21,5;14,9;14,4;65;62;63;273;2,4;1;
2023/05/27;0000 UTC;0;936,6;936,7;936,6;;20,8;15,1;22;20,4;15,3;14,4;71;63;70;325;1,4;,4;
2023/05/27;0100 UTC;0;936,6;936,7;936,6;;19,9;14,4;20,8;19,9;15,3;14,4;72;69;71;217;,8;,3;
2023/05/27;0200 UTC;0;936,8;936,8;936,5;;19;14,3;20,1;19;15;14,3;75;70;75;52;1,7;,6;
2023/05/27;0300 UTC;0;936,6;936,9;936,6;;19;14,2;20,1;18,4;14,9;14,1;78;70;74;171;2,7;,7;
2023/05/27;0400 UTC;0;936,8;936,8;936,6;;19,6;14,6;19,8;18,5;14,7;14,1;76;72;73;100;2,5;1,1;
2023/05/27;0500 UTC;0;936,7;936,9;936,7;;19;14,7;19,6;19;14,8;14,5;76;73;76;95;2,5;1,3;
2023/05/27;0600 UTC;0;936,5;936,7;936,5;;18,8;14,8;19,1;18,7;14,9;14,7;78;76;78;96;3,7;1,5;
2023/05/27;0700 UTC;0;936,4;936,5;936,4;;18,7;14,9;19,1;18,6;15,1;14,8;79;77;79;74;4,3;2,1;
2023/05/27;0800 UTC;0;936,7;936,7;936,3;;18,9;15;19;18,5;15,1;14,9;80;78;78;56;3,9;2,4;
2023/05/27;0900 UTC;0;937,1;937,1;936,7;;18,3;15;18,9;18,1;15,1;14,9;82;78;81;49;3,8;1,8;
2023/05/27;1000 UTC;0;937,8;937,8;937,1;19,1;17,9;15;18,3;17,6;15;14,7;84;81;83;59;3;,9;
2023/05/27;1100 UTC;0;938,4;938,4;937,8;511,6;20,7;15,5;20,7;17,9;15,5;15;83;71;72;93;2,9;1,8;
2023/05/27;1200 UTC;0;939;939;938,4;1197,4;22,4;15,8;22,6;20,7;16,1;15,2;72;64;66;61;4;1,8;
2023/05/27;1300 UTC;0;939,3;939,4;939;1979,4;24,3;16,1;24,3;22,4;16,3;15;66;59;60;77;6,1;2,7;
2023/05/27;1400 UTC;0;939,2;939,5;939,2;2480,7;25,5;15,2;25,7;23,6;16,4;14,9;61;53;53;74;6,1;2,4;
2023/05/27;1500 UTC;0;938,1;939,2;938,1;2722,5;26;16;26;24,7;16,3;14,9;56;52;54;49;7,6;3,1;
2023/05/27;1600 UTC;0;937,1;938,1;937,1;2760,3;26,7;15,7;27;25,6;16,7;15,1;55;50;51;23;5,9;1,8;
2023/05/27;1700 UTC;0;936;937,1;936;2576,3;27,1;14,7;27,6;26,3;16,5;14,7;52;47;47;9;5,5;1,5;
2023/05/27;1800 UTC;0;935,9;936;935,9;2067,5;28;14,3;28,7;26,9;16,3;14;50;43;43;218;4;1,3;
2023/05/27;1900 UTC;0;935,4;935,9;935,4;1565,5;28,4;15,7;28,7;27,6;15,7;13,4;46;40;46;183;4,7;1,2;
2023/05/27;2000 UTC;0;935,6;935,7;935,4;362;26,6;15,7;28,4;26,6;15,7;14,7;51;45;51;128;4,7;2,1;
2023/05/27;2100 UTC;0;935,7;935,7;935,6;62,3;24,6;15,8;26,7;24,6;16,2;15,5;58;51;58;109;3;1;
2023/05/27;2200 UTC;0;936;936;935,7;;22,9;16,1;24,7;22,5;16,4;15,7;67;58;66;227;1,6;,8;
2023/05/27;2300 UTC;0;936,2;936,3;935,9;;22,2;16,5;23;21,8;16,5;15,7;70;65;70;23;1,8;,8;
2023/05/28;0000 UTC;0;936,6;936,6;936,2;;21,5;15,8;22,2;19,3;16,6;14,9;77;70;70;259;2,6;1,2;
2023/05/28;0100 UTC;0;936,7;936,7;936,6;;20,9;16,1;22,3;20,3;16,1;15;75;65;74;317;2,3;1,6;
2023/05/28;0200 UTC;0;936,5;936,7;936,5;;19,4;15,2;21,3;19,4;16,1;15,1;77;72;77;254;2,2;1,2;
2023/05/28;0300 UTC;0;936;936,5;936;;19,6;15,1;20,8;19,4;15,5;14,8;77;70;75;307;2,1;1,1;
2023/05/28;0400 UTC;0;935,5;936;935,5;;18,9;15,1;19,5;18,4;15,3;14,8;80;75;79;244;1,5;,5;
2023/05/28;0500 UTC;0;935,3;935,5;935,3;;18,6;15;19,1;17,9;15,2;14,5;82;78;80;200;1,6;,8;
2023/05/28;0600 UTC;0;934,6;935,3;934,6;;17,5;14,3;18,6;17,3;15;13,9;84;78;81;233;2,2;1,4;
2023/05/28;0700 UTC;0;934,5;934,6;934,4;;17,7;14,6;18,5;17,5;14,9;14,3;82;79;82;245;2,3;,5;
2023/05/28;0800 UTC;0;935,3;935,3;934,5;;17,4;14,3;17,8;17,3;14,6;14,1;83;80;82;244;2,6;1,9;
2023/05/28;0900 UTC;0;935,9;935,9;935,3;;17,3;14,5;18,4;16,7;14,9;13,5;84;80;84;244;2,3;,9;
2023/05/28;1000 UTC;0;936,5;936,5;935,9;31;16,8;14,2;17,6;15,8;15;13,3;87;81;84;279;2;1,3;
2023/05/28;1100 UTC;0;937,3;937,3;936,5;475,9;21,3;15,7;21,3;16,8;16;14,2;84;71;71;79;2,3;,5;
2023/05/28;1200 UTC;0;937,7;937,7;937,3;1244,4;23,3;15,3;23,3;21,1;16,1;14,7;70;60;61;82;4,9;2,2;
2023/05/28;1300 UTC;0;937,7;937,8;937,7;1731,8;24;14,4;24,7;23;15,8;14,4;63;54;55;49;4,9;2,8;
2023/05/28;1400 UTC;0;937;937,7;937;2312,9;25,6;14,6;26;24;15,6;14,3;57;50;51;13;6,8;3,6;
2023/05/28;1500 UTC;0;936;937,1;936;2693,4;27,1;14,9;27,2;25,5;15,3;14,3;52;46;47;32;6,8;3,1;
2023/05/28;1600 UTC;0;935;936;935;2810,1;27,7;13,5;28,2;26,8;15,2;13,1;48;40;42;25;5,6;2,3;
2023/05/28;1700 UTC;0;934;935;934;2033,7;28,3;13,9;29;27,2;15,1;12,8;45;38;41;117;4,5;1,8;
2023/05/28;1800 UTC;0;933,3;934;933,3;2492,8;29,6;12,8;30,3;28,3;14,6;12,1;42;34;36;97;5,2;1,9;
2023/05/28;1900 UTC;0;933,1;933,3;933,1;1667,4;29,5;13,6;29,8;28,6;14,5;12,4;40;36;38;85;4,7;1,9;
2023/05/28;2000 UTC;0;933,3;933,3;933,1;310;27,3;14;29,5;27,3;14,4;12,4;45;36;44;143;3,7;1,4;
2023/05/28;2100 UTC;0;933,7;933,7;933,3;47,4;25,5;14,6;27,3;25,5;15;13,9;52;44;51;144;2,2;,8;
2023/05/28;2200 UTC;0;934,2;934,2;933,7;;22,6;14,7;25,5;22,6;15,4;14,4;62;51;61;214;1,6;,9;
2023/05/28;2300 UTC;0;934,9;934,9;934,2;;22,2;14,8;23,7;22,2;15;14,4;63;56;63;221;1,6;,8;
2023/05/29;0000 UTC;0;935,1;935,1;934,9;;21,8;15,2;22,4;21,2;15,6;14,5;68;61;66;288;1,8;,3;
2023/05/29;0100 UTC;0;935,1;935,1;935;;21,4;14,9;22,4;21,3;15,1;14,5;67;63;67;3;1,5;,3;
2023/05/29;0200 UTC;0;934,9;935,1;934,9;;20,7;14,4;21,4;20,5;15,2;14,2;69;66;67;229;1,8;,4;
2023/05/29;0300 UTC;0;934,6;934,9;934,6;;19,9;15;21;19,9;15,2;13,9;73;67;73;324;2,1;1;
2023/05/29;0400 UTC;0;934,3;934,6;934,3;;18,1;14,2;20;18,1;15,1;14,1;78;72;78;9;2,5;1,7;
2023/05/29;0500 UTC;0;933,8;934,3;933,8;;18,4;14,5;20,1;18,1;15,2;13,6;78;71;78;22;2,7;,4;
2023/05/29;0600 UTC;0;933,5;933,9;933,5;;18,1;14,3;18,8;18,1;14,7;14,3;79;76;78;280;1,2;,2;
2023/05/29;0700 UTC;0;933,1;933,4;933,1;;18,2;13,9;18,4;16,9;14,5;13,4;81;76;76;197;2;,8;
2023/05/29;0800 UTC;0;933,5;933,5;933,1;;17,4;13,6;18,4;17,4;13,8;13,5;78;74;78;311;1,6;,2;
2023/05/29;0900 UTC;0;933,9;933,9;933,4;;17;13,4;17,8;17;13,7;13,4;79;76;79;124;,8;,4;
2023/05/29;1000 UTC;0;934,8;934,8;933,9;16,9;17,7;14,1;17,7;16,3;14,1;13,1;82;79;80;245;1,8;,7;
2023/05/29;1100 UTC;0;935,6;935,6;934,8;483,7;20,1;15;20,8;17,6;15,1;13,4;80;69;73;131;1,4;,3;
2023/05/29;1200 UTC;0;936,4;936,4;935,6;1134,5;22,8;15,5;22,8;20,1;15,6;14,4;73;61;63;143;3,2;1,5;
2023/05/29;1300 UTC;0;936,7;936,7;936,4;1896,6;24,6;14,6;24,8;22,8;15,5;14;63;52;54;146;4,3;1,3;
2023/05/29;1400 UTC;0;936,4;936,7;936,3;2385,7;26,7;14,5;27,1;24,4;15,6;13,8;55;46;47;95;3;1,3;
2023/05/29;1500 UTC;0;935,6;936,4;935,6;2653,3;27,2;14,5;28;26,3;16,1;14,1;50;44;46;141;4,5;1,8;
2023/05/29;1600 UTC;0;934,9;935,6;934,9;2110,7;28,8;13,9;28,8;27,2;15,4;11,1;47;34;40;201;4,5;1,3;
2023/05/29;1700 UTC;0;934,1;934,9;934,1;2308,9;29,1;12,1;29,8;28,3;14,1;11,4;41;34;35;122;5,3;1,4;
2023/05/29;1800 UTC;0;933,4;934,1;933,4;2067,8;28,8;10,4;30,2;28,8;14;10,4;39;32;32;147;4,5;1,5;
2023/05/29;1900 UTC;0;933;933,4;933;1452,3;29,1;11,1;30,3;28,8;12,8;10,5;35;31;33;218;3;1,5;
2023/05/29;2000 UTC;0;933,3;933,3;933;281,6;28,2;12,1;29,1;28,2;13;10,4;39;31;37;143;2,5;1,6;
2023/05/29;2100 UTC;0;933,8;933,8;933,3;57,3;25,8;13,6;28,2;25,8;13,9;12,3;47;37;47;194;2,3;1,3;
2023/05/29;2200 UTC;0;934,3;934,3;933,8;;24,1;14,3;25,8;24;14,4;13,7;54;47;54;237;2,2;,5;
2023/05/29;2300 UTC;0;935;935;934,3;;22,8;13,9;24,1;22,6;14,4;13,9;59;54;57;245;2,1;1,6;
2023/05/30;0000 UTC;0;935,3;935,3;935;;21,8;14,3;23,7;21,6;15,4;13,8;64;54;62;235;2,1;,8;
2023/05/30;0100 UTC;0;935,3;935,4;935,2;;21,3;14,7;23,4;21,3;15;14;67;56;66;232;1,5;,4;
2023/05/30;0200 UTC;0;935,5;935,5;935,3;;20,9;13,8;21,3;18,5;14,8;13,7;75;63;64;195;3,2;1,6;
2023/05/30;0300 UTC;0;935,4;935,5;935,4;;21,4;14,4;22;20,9;14,4;13,8;64;61;64;190;3,5;1,7;
2023/05/30;0400 UTC;0;935,3;935,5;935,2;;20,6;14,6;21,4;20,5;14,6;14,2;68;64;68;221;3,4;1,6;
2023/05/30;0500 UTC;0;935,3;935,3;935,2;;20,3;14,7;20,8;20,3;14,8;14,4;70;68;70;211;2,3;1,3;
2023/05/30;0600 UTC;0;935,5;935,5;935,3;;19,5;14,7;20,5;19,5;14,7;14,5;74;69;74;170;2,7;,4;
2023/05/30;0700 UTC;0;935,4;935,6;935,4;;19,3;14,9;19,8;19;15;14,6;76;73;76;177;3;1,3;
2023/05/30;0800 UTC;0;935,9;935,9;935,4;;19,2;14,9;19,5;19,2;15;14,9;76;75;76;201;4,2;1,3;
2023/05/30;0900 UTC;0;936,7;936,7;935,9;;18,8;15;19,2;18,3;15,2;14,7;81;76;79;199;3,1;1,6;
2023/05/30;1000 UTC;0;937,6;937,6;936,7;18,5;18,5;15,1;18,8;18,2;15,2;14,9;82;79;81;183;3,1;1,2;
2023/05/30;1100 UTC;0;938,5;938,5;937,6;460,9;19,8;15,6;19,8;18,4;15,6;15,1;81;77;77;178;2,4;1;
2023/05/30;1200 UTC;0;939,1;939,1;938,5;1141,2;22,7;16;22,8;19,8;16,4;15,4;77;65;66;105;3,9;1,9;
2023/05/30;1300 UTC;0;938,7;939,1;938,7;1874,5;24;15,6;24,8;22,3;16,5;15,4;68;58;59;66;8,1;4,3;
2023/05/30;1400 UTC;0;938,2;938,7;938,2;2376,4;25,1;15,4;25,7;24;16,2;15;60;54;55;59;8,9;5,7;
2023/05/30;1500 UTC;0;937,4;938,2;937,4;2610,7;26,4;16;26,4;24,9;16,6;15,3;56;53;53;67;9;4,5;
2023/05/30;1600 UTC;0;936,3;937,4;936,3;2680,5;27,6;15,8;27,6;25,9;16,4;14,8;54;47;48;88;9,2;5,1;
2023/05/30;1700 UTC;0;935,5;936,2;935,5;2528,4;28,9;15,7;28,9;26,8;16,4;14,9;51;45;45;87;9;4,2;
2023/05/30;1800 UTC;0;934,9;935,5;934,9;2207,7;28,6;15,3;29,1;27,6;16,1;14,7;47;43;44;73;7,6;3,5;
2023/05/30;1900 UTC;0;934,8;934,9;934,6;1638,7;28,4;14,6;29,2;28,3;15,5;13,7;45;40;43;63;7,9;2,9;
2023/05/30;2000 UTC;0;934,7;934,8;934,6;285,9;27,5;14,2;28,7;27,5;14,9;13,4;45;40;44;77;7,1;3,6;
2023/05/30;2100 UTC;0;935;935;934,7;58,5;25,2;14,7;27,5;25,2;14,7;14,2;52;44;52;98;6,5;1,8;
2023/05/30;2200 UTC;0;935,1;935,1;934,9;;23,8;15,3;25,2;23,8;15,3;14,8;59;52;59;110;2,9;,8;
2023/05/30;2300 UTC;0;935,8;935,8;935,1;;23,1;15;23,9;22,6;15,5;15;63;59;60;267;1,9;1,1;
2023/05/31;0000 UTC;0;936,3;936,3;935,8;;22,4;14,9;23,2;22,4;15,2;14,8;63;60;63;72;3,8;1,5;
2023/05/31;0100 UTC;0;936,8;936,8;936,3;;22,4;15,1;23,1;22,1;15,3;14,9;64;61;64;65;6,5;3,2;
2023/05/31;0200 UTC;0;936,8;937;936,8;;21,4;15,2;22,4;21,2;15,2;15,1;68;64;68;52;5,3;1,9;
2023/05/31;0300 UTC;0;936,7;936,8;936,6;;21;15;21,4;21;15,1;15;68;67;68;35;6,1;3,6;
2023/05/31;0400 UTC;0;936,6;936,7;936,6;;20,1;14,9;21;20,1;15;14,9;72;68;72;37;6,1;2,2;
2023/05/31;0500 UTC;0;936,2;936,6;936,2;;19,6;15;20,1;19,5;15;14,9;75;72;75;29;5,6;2,7;
2023/05/31;0600 UTC;0;936,2;936,2;936,1;;18,2;14,7;19,6;18,2;15;14,7;80;75;80;100;4,6;1,6;
2023/05/31;0700 UTC;0;936,1;936,1;936;;19,1;14,2;19,3;18,1;14,8;14,2;81;73;73;52;5,7;3,4;
2023/05/31;0800 UTC;0;936,4;936,4;936;;18,5;14,1;19,1;18,5;14,2;14;76;73;76;34;5,7;1,8;
2023/05/31;0900 UTC;0;936,7;936,7;936,3;;18,5;14,1;18,6;18,5;14,2;14,1;76;75;76;38;4,4;2;
2023/05/31;1000 UTC;0;937,8;937,8;936,7;36,6;17,8;14,5;18,5;17,4;14,5;14;82;76;81;252;3,5;1,7;
2023/05/31;1100 UTC;0;938,5;938,5;937,8;575,7;20,4;14,4;20,5;17,8;15,3;14,1;81;68;68;94;2,6;,8;
2023/05/31;1200 UTC;0;939,2;939,3;938,5;1092,5;21,7;14,7;21,7;20,4;15;13,9;69;62;64;43;3,9;2,1;
2023/05/31;1300 UTC;0;939,5;939,5;939,2;1750,2;22,5;13,9;23,6;21,4;15,3;13,8;64;56;59;31;4,4;1,5;
2023/05/31;1400 UTC;0;938,8;939,5;938,8;2485,5;24,1;14,6;24,5;22,4;15,5;13,8;60;54;55;22;5,5;2,6;
2023/05/31;1500 UTC;0;938;938,8;938;2596,3;24,5;14,6;25,2;23,7;15,1;14;56;52;54;11;7,5;3,6;
2023/05/31;1600 UTC;0;937,4;938;937,4;2091,8;25,1;15,1;25,6;24;15,3;14,1;55;51;54;15;6,7;2,4;
2023/05/31;1700 UTC;0;936,4;937,4;936,4;1848,9;26,1;15,1;26,5;24,8;15,7;14,5;54;49;51;39;5,4;2;
2023/05/31;1800 UTC;0;935,9;936,4;935,9;1807,9;26,5;15,4;27;25,5;16;14,7;55;49;51;76;5,3;1,5;
2023/05/31;1900 UTC;0;935,7;935,9;935,6;1426,9;27,2;15,4;27,4;26,4;15,7;14,8;51;47;48;171;4,3;,7;
2023/05/31;2000 UTC;0;935,9;935,9;935,7;362;25,2;16;27,3;25,2;16,1;15;57;48;57;148;3;1,9;
2023/05/31;2100 UTC;0;936,5;936,5;935,9;86,9;23,9;16,5;25,3;23,7;16,5;16,1;64;57;64;174;3;1;
2023/05/31;2200 UTC;,8;937,1;937,1;936,5;;21,6;18,1;23,9;21,6;18,1;16,4;80;63;80;227;3,9;2,5;
2023/05/31;2300 UTC;,4;937,9;937,9;937,1;;20,8;18,4;21,8;20,6;18,6;17,7;87;80;86;246;4,4;2,3;
2023/06/01;0000 UTC;0;938,5;938,6;937,9;;20,4;18;20,9;20,4;18,6;18;87;85;86;213;5,2;2,4;
2023/06/01;0100 UTC;0;938,5;938,6;938,4;;19,8;18;20,5;19,8;18,2;17,8;89;86;89;175;5,7;1,7;
2023/06/01;0200 UTC;0;938,3;938,6;938,3;;19,5;18;19,9;19,5;18,3;17,9;91;89;91;165;3,5;,8;
2023/06/01;0300 UTC;0;937,9;938,3;937,8;;19,8;17,5;20;19,5;18,3;17,4;91;86;87;243;2,3;1,6;
2023/06/01;0400 UTC;0;937,6;937,9;937,6;;19,3;17,7;19,9;19,3;18,1;17,6;91;87;90;264;2,3;1,6;
2023/06/01;0500 UTC;,2;937,2;937,6;937,2;;19,4;17,5;19,5;19,2;17,9;17,3;91;89;89;276;2,2;1,2;
2023/06/01;0600 UTC;0;936,9;937,2;936,9;;19,1;17,2;19,5;18,9;17,5;16,9;89;87;89;217;2,2;,7;
2023/06/01;0700 UTC;0;936,7;937;936,7;;18,1;16,4;19,2;18;17,1;16,2;90;87;90;247;2;1,7;
2023/06/01;0800 UTC;0;936,8;936,8;936,6;;17,8;16,3;18,7;17,5;16,9;15,8;91;88;91;238;2,5;1,2;
2023/06/01;0900 UTC;0;937,3;937,3;936,8;;17,8;16,4;18,3;17,1;16,7;15,4;92;89;91;357;2;,9;
2023/06/01;1000 UTC;0;937,8;937,8;937,2;17,6;17,4;15,9;17,9;16,6;16,5;15;92;90;91;208;2,6;1,1;
2023/06/01;1100 UTC;0;938,5;938,5;937,8;459,7;19,9;16,9;19,9;17,4;17;16;91;83;83;156;2;,6;
2023/06/01;1200 UTC;0;939;939;938,5;1180,1;21,9;16,8;22,2;19,8;17,9;16,4;83;72;73;145;2,4;1;
2023/06/01;1300 UTC;0;939,1;939,2;939;1915,4;24;17,8;24;21,8;18,3;16,5;75;68;68;102;4,2;1,2;
2023/06/01;1400 UTC;0;938,7;939,1;938,7;2643,4;24,8;16,6;25,3;23,4;18,1;16,4;69;59;60;95;3,9;1,6;
2023/06/01;1500 UTC;0;937,8;938,7;937,8;2542,4;24,8;16,4;25,6;24,3;17,8;15,3;64;56;59;129;3,6;1,8;
2023/06/01;1600 UTC;0;936,8;937,8;936,8;2470,1;26,7;17;26,8;24,8;18,3;16,1;62;55;55;150;5,1;1,9;
2023/06/01;1700 UTC;0;935,8;936,8;935,8;2615,6;27;15,5;27,2;25,9;16,9;14,9;57;48;49;211;4,1;1,9;
2023/06/01;1800 UTC;0;935,5;935,8;935,4;2152,3;27,3;14,9;28,3;26,9;16;14,6;51;45;47;219;4,2;2,4;
2023/06/01;1900 UTC;0;935,4;935,5;935,3;1545,5;27,4;15,1;28;27,2;15,8;14,2;48;44;47;149;4,6;2,5;
2023/06/01;2000 UTC;0;935,4;935,5;935,4;262,4;26,4;15,9;27,7;26,4;16,3;14,8;53;46;53;169;5,2;1,7;
2023/06/01;2100 UTC;0;935,7;935,7;935,4;61,9;24;16,9;26,4;24;16,9;15,9;65;53;65;191;3,9;1;
2023/06/01;2200 UTC;0;936,3;936,3;935,7;;22,5;16,9;24;22,5;17,2;16,8;71;65;71;238;2,2;1,4;
2023/06/01;2300 UTC;0;936,9;936,9;936,3;;22;16;22,6;21,9;16,8;15,8;71;66;69;184;3,6;1,4;
2023/06/02;0000 UTC;0;937;937;936,8;;21,7;14,3;22,6;21,6;16;14,2;69;61;63;214;3,7;1;
2023/06/02;0100 UTC;0;937,1;937,1;937;;19,8;13,7;21,7;19,8;14,3;13,5;68;61;68;241;1,9;,9;
2023/06/02;0200 UTC;0;937,2;937,3;937,1;;20,2;13,5;20,7;19,8;13,8;13,4;68;63;65;230;3;2,2;
2023/06/02;0300 UTC;0;937,1;937,3;937,1;;20;14;20,4;19,6;14,2;13,5;68;65;68;219;4,1;2,3;
2023/06/02;0400 UTC;0;936,7;937,1;936,6;;18,6;13,9;20;18,6;14,3;13,9;74;68;74;214;3,5;1,3;
2023/06/02;0500 UTC;0;936,6;936,7;936,5;;18,7;14,4;19;18,2;14,6;13,8;77;74;76;223;3,9;2,4;
2023/06/02;0600 UTC;0;936,4;936,6;936,4;;18;14,3;18,7;17,4;14,6;13,9;82;76;79;248;3,9;1,5;
2023/06/02;0700 UTC;0;936;936,4;936;;17,9;14,3;18,7;17,6;14,4;13,9;80;75;80;266;2,4;,4;
2023/06/02;0800 UTC;0;936,1;936,1;936;;16,6;13,6;18;16,5;14,6;12,5;84;75;82;230;1,5;,8;
2023/06/02;0900 UTC;0;936,4;936,4;936,1;;16,7;13,7;17,1;16,1;14,2;13,2;84;81;82;255;3;,9;
2023/06/02;1000 UTC;0;937;937;936,3;14,7;16,3;13,7;17,1;15,9;14;13,1;85;81;85;218;2,3;1,2;
2023/06/02;1100 UTC;0;937,7;937,7;937;477,5;19,6;14,7;19,6;16,3;14,7;13,8;85;73;73;163;1,8;,6;
2023/06/02;1200 UTC;0;938,2;938,2;937,7;1226,2;20,9;14,4;21;19,6;14,9;14;73;66;66;169;4,1;2,1;
2023/06/02;1300 UTC;0;938,2;938,3;938,1;1959,3;22,8;14,9;22,8;20,9;15,5;14,1;67;60;61;137;5,3;2,9;
2023/06/02;1400 UTC;0;937,6;938,2;937,6;2486;25,1;14,4;25,2;22,7;15,6;14,1;62;51;51;100;6,1;2,5;
2023/06/02;1500 UTC;0;936,8;937,6;936,8;2767,5;26,1;14,8;26,2;24,2;15,4;12,5;55;44;50;129;5,8;2,6;
2023/06/02;1600 UTC;0;936;936,8;935,9;2748,2;26,4;13;27,6;25,7;14,7;12,8;50;41;44;82;6,2;2,8;
2023/06/02;1700 UTC;0;934,9;936;934,9;2669,7;26,9;12,5;27,7;25,9;14,2;12;47;40;41;171;5,4;1,4;
2023/06/02;1800 UTC;0;934,4;934,9;934,4;2119,6;27,3;12,2;28,2;26,3;14,1;12;43;38;39;190;3,8;2;
2023/06/02;1900 UTC;0;934,3;934,4;934,2;1134,8;27,1;12,5;27,9;26;13;11,6;44;38;40;125;5,6;1,3;
2023/06/02;2000 UTC;0;934,7;934,7;934,3;245;26;12,5;27,3;26;12,7;12;43;39;43;171;4,7;1,8;
2023/06/02;2100 UTC;0;935,1;935,1;934,7;62,7;23,2;13,4;26;23,2;13,4;12,4;54;43;54;199;4;1;
2023/06/02;2200 UTC;0;935,5;935,5;935,1;;21,7;12,9;23,2;21,7;13,6;12,8;58;54;58;231;1,9;1,1;
2023/06/02;2300 UTC;0;935,9;935,9;935,5;;20,3;13;21,7;20,3;13,4;12,7;63;57;63;325;1,9;,3;
2023/06/03;0000 UTC;0;936,2;936,2;935,9;;19,8;14,1;20,9;19,7;14,1;12,3;70;58;70;335;2,9;,7;
2023/06/03;0100 UTC;0;936,9;936,9;936,2;;16,8;11,9;20,1;16,4;14,1;11,1;73;62;73;194;5,7;1,8;
2023/06/03;0200 UTC;0;937;937,1;936,9;;19,6;12,3;19,6;16,8;12,7;11,9;73;63;63;197;5,7;1,9;
2023/06/03;0300 UTC;0;936,8;937;936,8;;18,6;12;19,6;18,4;12,5;12;68;63;65;209;3,1;1,7;
2023/06/03;0400 UTC;0;936,7;936,9;936,7;;17,8;12;19,2;17,8;12,3;11,6;69;63;69;232;3,2;2,4;
2023/06/03;0500 UTC;0;936,4;936,7;936,4;;18,2;11,7;18,3;17,5;12,1;11,6;69;66;66;212;3,5;1,5;
2023/06/03;0600 UTC;0;936;936,4;936;;16,9;11,6;18,8;16,8;11,9;11,4;72;64;71;222;3,3;2,1;
2023/06/03;0700 UTC;0;935,9;936,1;935,8;;16,5;11,5;17;16,4;11,9;11,5;74;71;72;216;3,6;2;
2023/06/03;0800 UTC;0;936;936;935,8;;17,3;11,6;17,4;16,5;11,9;11,5;73;69;69;218;3,1;1,4;
2023/06/03;0900 UTC;0;936,4;936,4;935,9;;14,9;11,1;17,3;14,9;11,9;11;78;69;78;26;2,5;,4;
2023/06/03;1000 UTC;0;937,2;937,2;936,4;16;15;11,4;15,3;14,6;11,8;11,1;81;78;79;220;1,4;,8;
2023/06/03;1100 UTC;0;938;938;937,2;473,9;18,2;12,4;18,2;15;12,8;11,4;79;69;69;184;1,5;,6;
2023/06/03;1200 UTC;0;938,7;938,7;938;1217,9;21,3;13,2;21,4;18,2;13,5;12,2;69;58;60;90;3,7;1,9;
2023/06/03;1300 UTC;0;938,9;938,9;938,7;1940,3;23,2;13,7;23,3;21,3;14,3;13,1;61;54;55;89;7,7;3,9;
2023/06/03;1400 UTC;0;938,5;938,9;938,5;2475,8;24,4;13,8;24,8;23,2;14,2;12,7;56;49;52;81;7,7;4,2;
2023/06/03;1500 UTC;0;937,6;938,5;937,6;2765,4;25,1;12,9;25,3;24,1;14,2;12,4;52;46;47;69;7,5;4;
2023/06/03;1600 UTC;0;936,5;937,6;936,5;2807,5;26,5;13,7;26,5;25;14,1;12,3;48;42;45;86;7,1;4,2;
2023/06/03;1700 UTC;0;935,7;936,5;935,7;2601,3;27,3;12,9;27,3;25,7;13,8;11,8;45;40;41;112;6,5;2,4;
2023/06/03;1800 UTC;0;935,2;935,7;935,2;2143,8;27;11,3;27,7;26,6;13,4;11,3;43;38;38;116;6;2,6;
2023/06/03;1900 UTC;0;935,2;935,2;935,1;1507,1;27;11,8;27,7;26,9;12,9;9,8;41;34;39;92;5,4;2,7;
2023/06/03;2000 UTC;0;935,4;935,4;935,1;253,5;25,7;11,8;27;25,6;12,7;10,5;42;36;42;138;5,3;1,9;
2023/06/03;2100 UTC;0;935,8;935,8;935,4;68,7;23,6;12,2;25,7;23,5;12,5;11,8;50;42;49;178;3,5;1,5;
2023/06/03;2200 UTC;0;936,4;936,4;935,8;;21,7;12,3;23,6;21,4;13,3;11,9;58;49;55;243;2,8;,4;
2023/06/03;2300 UTC;0;936,9;937;936,4;;20,2;13,5;22,3;19,7;13,5;11,8;65;52;65;6;2,3;1,7;
2023/06/04;0000 UTC;0;937,6;937,6;936,9;;20;12,2;20,2;17;13,7;11,6;72;61;61;243;5,1;1,7;
2023/06/04;0100 UTC;0;937,8;937,9;937,6;;20;12,3;20,5;19,5;13,1;11,8;66;57;61;209;2,3;,7;
2023/06/04;0200 UTC;0;938;938,1;937,8;;19,6;12,1;20,7;18,8;12,7;11,8;68;57;62;208;2;,9;
2023/06/04;0300 UTC;0;937,9;938;937,9;;18,9;11,4;19,6;18,3;12,1;11,2;65;59;62;243;4,3;1,6;
2023/06/04;0400 UTC;0;938;938,1;937,8;;17,2;11,4;19,3;17,2;11,9;10,9;69;60;69;359;2,7;1;
2023/06/04;0500 UTC;0;937,9;938;937,9;;17,5;10,8;17,9;16,6;11,5;10,8;71;64;65;67;3,4;2,3;
2023/06/04;0600 UTC;0;937,8;937,9;937,8;;17,6;10,6;17,7;16,8;10,8;10,4;67;63;63;7;3,9;1,2;
2023/06/04;0700 UTC;0;937,5;937,8;937,5;;17,4;10,3;18;17,3;10,6;10,3;64;61;63;34;2,8;1,4;
2023/06/04;0800 UTC;0;937,9;937,9;937,5;;16,5;10,5;17,5;16;10,8;10,3;70;63;68;12;2,5;1,1;
2023/06/04;0900 UTC;0;938,4;938,4;937,9;;15,1;10,4;16,5;14,8;10,6;10,3;75;68;74;312;2,1;,6;
2023/06/04;1000 UTC;0;939;939;938,4;15;15,2;10,8;15,3;14,8;10,8;10,3;76;73;75;131;2,1;,3;
2023/06/04;1100 UTC;0;939,9;939,9;939;476,4;19,1;11,4;19,1;15,2;11,4;10,7;75;60;61;72;1,5;,9;
2023/06/04;1200 UTC;0;940,7;940,7;939,9;1228,7;20,7;11,6;20,8;19,1;12,4;11;62;56;56;90;4,5;1,6;
2023/06/04;1300 UTC;0;941;941;940,7;1975,2;22,3;11,2;22,4;20,7;12,5;10,9;58;49;49;65;7,6;3,6;
2023/06/04;1400 UTC;0;940,6;941;940,6;2514,3;23,3;10,9;24;21,9;12,2;10,8;51;45;46;80;7,5;3,3;
2023/06/04;1500 UTC;0;939,6;940,6;939,6;2797,9;24,2;11,2;24,7;23;12,1;10,1;48;42;44;58;5,4;2,2;
2023/06/04;1600 UTC;0;938,8;939,6;938,8;2822,4;24,8;9;26,1;24,2;12,4;9;46;36;37;156;6,4;1,9;
2023/06/04;1700 UTC;0;938;938,8;938;2623,8;26,1;10,3;26,4;24,7;11,9;8,6;42;35;37;109;4,9;2,4;
2023/06/04;1800 UTC;0;937,6;938;937,5;2157,1;26,3;10,5;27;25,5;12,1;9,5;41;35;37;186;4,5;2;
2023/06/04;1900 UTC;0;937,5;937,6;937,5;1511,7;25,5;10,2;26,7;25,5;11,6;9,3;40;34;38;50;5;2;
2023/06/04;2000 UTC;0;937,8;937,8;937,5;230,6;24,5;11,2;25,9;24,5;11,6;10,5;43;38;43;159;5;1,9;
2023/06/04;2100 UTC;0;938,1;938,1;937,8;69,4;21,7;12,5;24,5;21,7;12,7;11,2;56;43;56;206;3,2;1,3;
2023/06/04;2200 UTC;0;938,3;938,3;938,1;;20,3;11,7;21,8;20,1;12,6;11,5;58;53;58;234;2,7;1;
2023/06/04;2300 UTC;0;938,7;938,7;938,3;;18,9;12,8;20,4;18,6;13,2;11;70;56;67;279;2,6;,5;
2023/06/05;0000 UTC;0;938,8;938,9;938,7;;18,6;12,4;19,2;17,7;12,9;11,7;69;64;67;326;2;,8;
2023/06/05;0100 UTC;0;938,9;939;938,7;;17,2;12;18,6;17,2;12,8;12;72;67;72;219;1,2;,5;
2023/06/05;0200 UTC;0;939;939;938,9;;16,5;11,1;17,6;16,5;12,2;11;72;68;70;224;1,2;,5;
2023/06/05;0300 UTC;0;939,1;939,1;938,9;;15,2;11,2;16,7;13,7;11,7;9,3;80;69;77;232;5;2,8;
2023/06/05;0400 UTC;0;938,7;939,1;938,6;;17;10,5;17;15,1;11,1;10,3;77;66;66;233;4;1,9;
2023/06/05;0500 UTC;0;938,2;938,7;938,2;;15,6;10,2;17,1;15,5;10,7;9,9;70;65;70;226;3,2;2,4;
2023/06/05;0600 UTC;0;938;938,2;937,9;;15,7;9,8;16;15,6;10,3;9,8;70;68;68;236;3,3;2,5;
2023/06/05;0700 UTC;0;937,7;938;937,6;;15,3;9,9;16,1;15,3;10,1;9,7;70;67;70;216;3,1;1,2;
2023/06/05;0800 UTC;0;938;938;937,7;;13,9;9,7;15,3;13,9;10,1;9,7;76;70;76;232;1,7;,6;
2023/06/05;0900 UTC;0;938;938,1;938;;13,7;9,5;14,4;13,7;9,9;9,5;77;73;75;274;1,9;,8;
2023/06/05;1000 UTC;0;938,5;938,5;938;14,4;13,9;9,6;14;13,1;10;9,4;79;75;75;276;1,5;,5;
2023/06/05;1100 UTC;0;939,2;939,3;938,5;473,8;17,8;9,6;18,3;13,5;11,5;9,5;77;59;59;197;,9;,3;
2023/06/05;1200 UTC;0;939,9;939,9;939,2;1215,9;20;10,7;20,3;17,7;11,2;9,3;61;53;55;63;5,1;2,5;
2023/06/05;1300 UTC;0;940;940;939,9;1971,9;22,3;10,5;22,3;19,9;11,3;10,3;57;47;47;78;7,7;4,1;
2023/06/05;1400 UTC;0;939,5;940;939,5;2514,7;22,7;10,2;24;22,3;11,2;9,6;48;43;45;65;6,9;3,1;
2023/06/05;1500 UTC;0;938,9;939,5;938,9;2710,9;24,3;10,6;24,6;22,6;11,4;9,7;46;41;42;107;7,6;3,2;
2023/06/05;1600 UTC;0;938;938,9;938;2828,3;24,9;10,3;25,3;23,8;11,7;9,2;44;38;40;91;5,7;1,9;
2023/06/05;1700 UTC;0;937;938;936,9;2611,3;25,9;10,3;26,2;24,5;11,8;9,4;42;36;38;20;5,7;2,2;
2023/06/05;1800 UTC;0;936,5;937;936,5;2146,5;25,6;9;26,3;25,3;11,3;8,7;40;34;35;148;5,7;2;
2023/06/05;1900 UTC;0;936,3;936,5;936,3;1490,7;26,1;8,9;26,4;25,1;10,8;8,7;39;34;34;112;4,1;1,9;
2023/06/05;2000 UTC;0;936,4;936,5;936,3;247,1;24,6;10,9;26,2;24,5;11;8,7;43;34;42;119;3,5;1,3;
2023/06/05;2100 UTC;0;936,8;936,8;936,4;97,2;21,9;12,3;24,6;21,9;12,5;10,6;55;42;54;217;3,8;1,5;
2023/06/05;2200 UTC;0;937;937;936,8;;20,3;11,7;21,9;20,3;12,3;11,6;58;53;58;195;2,6;,4;
2023/06/05;2300 UTC;0;936,9;937;936,9;;19,9;11,6;20,3;19,3;12;11,4;62;58;59;251;1,4;1;
2023/06/06;0000 UTC;0;937;937;936,9;;18,4;11,3;19,9;17,2;12;11,1;69;59;63;237;1,9;1,1;
2023/06/06;0100 UTC;0;937,2;937,2;937;;18,5;11,7;19,7;18,4;12,2;10,6;67;56;64;270;2,1;,7;
2023/06/06;0200 UTC;0;937,1;937,2;937,1;;17,7;11,4;18,5;17,2;12,2;11,4;71;64;67;244;1,3;,6;
2023/06/06;0300 UTC;0;937,2;937,4;937,1;;16,3;11,1;17,9;14,2;11,6;9,8;79;64;71;225;4,6;1,9;
2023/06/06;0400 UTC;0;937;937,2;937;;16,2;11;16,8;16,2;11,2;10,9;71;69;71;250;3,1;,8;
2023/06/06;0500 UTC;0;936,6;937;936,6;;16;10,8;16,6;16;11,2;10,8;72;70;71;252;1,5;1,1;
2023/06/06;0600 UTC;0;936,5;936,6;936,4;;16;10,8;16,7;15,9;11,2;10,4;72;68;71;235;2,3;1,9;
2023/06/06;0700 UTC;0;936,3;936,5;936,3;;15,7;10,5;16;15,4;10,8;10,3;73;71;71;218;2,2;1,6;
2023/06/06;0800 UTC;0;936,7;936,7;936,3;;15,7;10,2;15,8;15,2;10,5;10,2;72;70;70;226;2,8;1,5;
2023/06/06;0900 UTC;0;937;937;936,7;;15;9,8;15,7;14,9;10,2;9,7;72;70;71;229;2,5;2,1;
2023/06/06;1000 UTC;0;937,6;937,6;937;13,6;15,9;10,1;15,9;14,9;10,1;9,8;72;68;68;215;2,5;1;
2023/06/06;1100 UTC;0;938;938;937,6;454,2;17,7;10,1;17,8;15,8;11,1;9,8;68;61;61;201;1,7;,4;
2023/06/06;1200 UTC;0;938,6;938,6;938;1177,7;20,8;11,2;20,8;17,7;11,2;9,8;63;53;54;87;2,7;1,5;
2023/06/06;1300 UTC;0;938,7;938,8;938,6;1914,5;22,5;10,3;22,7;20,8;11,4;10,2;55;46;46;58;4,6;2,3;
2023/06/06;1400 UTC;0;938,4;938,7;938,4;2472,8;24,2;9,3;24,6;22,4;10,7;9,1;48;38;39;56;6,8;3,8;
2023/06/06;1500 UTC;0;938;938,4;938;2748,8;25,2;8,1;25,9;23,9;11,1;8,1;41;34;34;80;7,3;3,8;
2023/06/06;1600 UTC;0;937,1;938;937,1;2786,7;26,5;10,3;26,7;25;10,7;8,3;38;33;36;97;6,7;2,7;
2023/06/06;1700 UTC;0;936,2;937,1;936,2;2564,5;26,8;10,8;27,1;25,3;11,4;8,5;39;33;37;89;6,3;2,1;
2023/06/06;1800 UTC;0;935,8;936,2;935,8;2106,8;27,3;10;27,3;26,1;10,9;8,6;37;33;34;72;5,7;1,8;
2023/06/06;1900 UTC;0;935,5;935,8;935,4;1479;26,7;9,9;27,2;26,4;10,8;9;36;33;35;105;5;2,6;
2023/06/06;2000 UTC;0;935,8;935,8;935,4;205,5;25,3;10,7;26,9;25,3;10,9;9,5;40;34;40;132;4,9;2,2;
2023/06/06;2100 UTC;0;936,2;936,2;935,8;66,1;22,4;11,4;25,3;22,4;11,6;10,6;50;40;50;189;4,4;,6;
2023/06/06;2200 UTC;0;936,6;936,6;936,2;;20,9;11,5;22,4;20,8;12,1;11,4;55;50;55;265;1,6;,5;
2023/06/06;2300 UTC;0;936,8;936,8;936,6;;19,7;11,8;21,2;19,7;11,9;11,2;60;55;60;353;1,2;,5;
2023/06/07;0000 UTC;0;937,1;937,1;936,8;;18,4;12,3;19,7;18,4;12,4;11,7;67;60;67;337;,8;,3;
2023/06/07;0100 UTC;0;937,6;937,6;937,1;;18;11,5;18,6;15,2;12,3;10;73;66;66;200;3,3;,9;
2023/06/07;0200 UTC;0;937,7;937,7;937,6;;18,2;10,9;18,6;17,8;11,7;10,9;66;62;62;197;2,1;,9;
2023/06/07;0300 UTC;0;937,6;937,7;937,5;;18;11;18,2;17,6;11,3;10,8;66;62;64;192;2,8;1,7;
2023/06/07;0400 UTC;0;937,7;937,8;937,6;;17,9;10,6;18,1;16,9;11,1;10,6;67;62;62;180;3,6;1,7;
2023/06/07;0500 UTC;0;937,5;937,7;937,5;;17;10,2;18;17;10,5;10,2;65;61;64;179;3,6;1;
2023/06/07;0600 UTC;0;937,2;937,5;937,2;;16,2;10;17;14,7;10,5;9,4;73;64;67;240;1,8;,9;
2023/06/07;0700 UTC;0;936,9;937,2;936,9;;15,2;9,7;16,4;15,2;10,1;9,7;70;66;70;227;1,6;,8;
2023/06/07;0800 UTC;0;937,2;937,2;936,9;;14,8;9,5;15,6;14,6;9,9;9,5;71;68;71;226;2,2;1,1;
2023/06/07;0900 UTC;0;937,7;937,7;937,2;;13,9;9,8;15,3;13,7;9,9;9,5;77;69;76;305;2;,4;
2023/06/07;1000 UTC;0;938,5;938,5;937,7;13,8;13,7;9,3;14,6;13,3;10,3;9,3;79;74;75;279;1,4;,5;
2023/06/07;1100 UTC;0;939,2;939,2;938,5;454,5;15,6;10,5;16,5;13,5;11;9,4;77;69;72;129;1,6;,5;
2023/06/07;1200 UTC;0;940;940;939,2;1161,4;19,7;10,9;20,1;15,6;11,9;10,1;73;55;57;126;3,4;2;
2023/06/07;1300 UTC;0;940,3;940,3;940;1915,9;21,4;11,6;21,4;19,6;11,6;10,4;59;52;53;120;3,6;1,7;
2023/06/07;1400 UTC;0;940,3;940,4;940,3;2445;24;11,9;24,1;21,5;12,1;10,3;54;44;47;101;5,8;2,9;
2023/06/07;1500 UTC;0;939,7;940,3;939,7;2729;25,5;10,7;25,7;23,7;11,9;9,8;48;39;40;112;6,8;3,9;
2023/06/07;1600 UTC;0;939;939,7;939;2777,6;26,2;10,1;26,3;24,4;11,4;9,2;42;35;36;93;6,5;3,3;
2023/06/07;1700 UTC;0;938,1;939;938,1;2563,8;27,5;10,2;27,6;25,8;11,2;9,2;39;33;34;116;5,6;2,9;
2023/06/07;1800 UTC;0;937,6;938,1;937,6;2107,8;26,9;9,8;27,5;26,2;11,2;9;37;32;34;69;6,6;2,3;
2023/06/07;1900 UTC;0;937,4;937,6;937,2;1476,7;26,9;10,3;27,8;26,9;11,5;9,6;38;33;35;108;5,1;2,6;
2023/06/07;2000 UTC;0;937,6;937,6;937,3;246,3;25,1;11;27,4;25,1;11,3;10;41;35;41;102;4,5;1,8;
2023/06/07;2100 UTC;0;937,9;937,9;937,6;91,4;23,4;12,4;25,4;23,4;12,4;10,6;50;40;50;178;3,2;,7;
2023/06/07;2200 UTC;0;938,2;938,2;937,9;;21,1;12;23,4;21;13,1;11,6;60;50;56;218;1,7;1,3;
2023/06/07;2300 UTC;0;938,4;938,5;938,2;;20,2;12,1;21,5;19,8;12,3;11,6;60;54;60;277;1,7;,7;
2023/06/08;0000 UTC;0;938,7;938,8;938,4;;19,4;11,3;20,4;19;12,2;11,3;62;58;60;268;1,6;,5;
2023/06/08;0100 UTC;0;939,1;939,1;938,7;;16,3;11,8;19,4;15,6;12,4;10,3;75;60;75;132;6,9;2,4;
2023/06/08;0200 UTC;0;938,9;939,1;938,8;;18,5;10,8;19,4;16,4;12,1;10,8;74;59;61;214;6,9;,9;
2023/06/08;0300 UTC;0;938,7;938,9;938,7;;19,1;10,9;19,1;18,1;11;10,7;63;59;59;346;1,9;1,1;
2023/06/08;0400 UTC;0;938,7;938,8;938,7;;18;10,4;19,1;16,6;10,9;10,3;67;58;61;305;2,1;,3;
2023/06/08;0500 UTC;0;938,5;938,7;938,5;;16,5;10,2;18;16,4;10,7;10,1;68;61;66;213;1,4;,5;
2023/06/08;0600 UTC;0;938,3;938,6;938,3;;15,4;10,7;17,4;14,5;10,8;9,2;73;63;73;329;2,5;,6;
2023/06/08;0700 UTC;0;937,9;938,4;937,9;;15,7;10,7;15,7;14,9;11;10,3;75;72;72;229;2,2;,7;
2023/06/08;0800 UTC;0;938,1;938,2;937,9;;14,4;10,5;16,2;14,3;10,8;10,3;78;70;78;84;1,6;,3;
2023/06/08;0900 UTC;0;938,5;938,5;938,1;;15;10,5;15,4;14,2;11;10,2;78;74;74;5;2;1,6;
2023/06/08;1000 UTC;0;939,3;939,3;938,5;14,4;14,8;10,5;15;14,1;10,5;10;77;74;75;205;2;,6;
2023/06/08;1100 UTC;0;940,2;940,2;939,3;454,8;17,3;11,4;17,7;14,6;11,5;10,3;76;64;68;161;1,6;,3;
2023/06/08;1200 UTC;0;940,6;940,6;940,2;1148,3;21,2;12,3;21,2;17,3;12,5;11,1;70;54;57;93;3,1;1,7;
2023/06/08;1300 UTC;0;940,6;940,8;940,6;1887,7;22,6;11,8;22,7;20,7;12,7;11;58;50;50;91;4,1;2;
2023/06/08;1400 UTC;0;940,1;940,6;940,1;2424,7;24,6;10,9;24,6;22,2;12,6;10,4;53;41;42;70;6,2;3,5;
2023/06/08;1500 UTC;0;939,6;940,1;939,6;2703,1;25,6;10,8;25,6;24,3;12;9,9;45;38;39;60;6,8;2,5;
2023/06/08;1600 UTC;0;938,7;939,6;938,7;2648,1;26,1;9,7;26,7;24,9;12,1;9,2;43;34;36;64;8,6;2,5;
2023/06/08;1700 UTC;0;937,7;938,7;937,7;2497,8;26,9;9,4;27;25,5;11,4;8,8;39;33;33;77;5,7;2,8;
2023/06/08;1800 UTC;0;937;937,7;937;2109,7;27,5;11,3;27,7;26,6;11,3;8,8;37;32;37;108;5,7;2,5;
2023/06/08;1900 UTC;0;937;937,1;937;1487,9;27;10,1;27,5;26,5;10,6;8,7;36;32;35;120;5,6;2,6;
2023/06/08;2000 UTC;0;937,1;937,1;937;371;25,9;11;27,3;25,7;11,1;9,3;39;33;39;132;4,5;2;
2023/06/08;2100 UTC;0;937,3;937,3;937,1;113,8;22,6;11,2;25,9;22,6;11,4;10,7;48;39;48;146;3,4;2,1;
2023/06/08;2200 UTC;0;937,4;937,4;937,2;;21,9;11,3;22,6;21,6;12,4;11,2;55;48;51;195;3,1;,9;
2023/06/08;2300 UTC;0;937,7;937,7;937,4;;19,7;11,3;21,9;19,7;11,6;11;58;51;58;225;1,9;1,1;
2023/06/09;0000 UTC;0;938,3;938,3;937,7;;19,5;10,9;20,8;19,4;12,5;10,7;63;53;57;250;2,3;,9;
2023/06/09;0100 UTC;0;938,5;938,5;938,3;;18,8;12,5;20,2;18,7;12,5;10,2;67;53;67;347;2,1;,4;
2023/06/09;0200 UTC;0;938,2;938,5;938,2;;18,4;11;19;18,3;12,6;10,5;67;59;62;301;1,2;,8;
2023/06/09;0300 UTC;0;938,2;938,3;938,1;;16,9;11,3;18,6;16,8;11,3;10,6;70;62;70;224;1,4;,5;
2023/06/09;0400 UTC;0;937,7;938,2;937,7;;18,4;10,8;18,8;16,9;11,4;10,7;70;60;61;244;2,7;1,8;
2023/06/09;0500 UTC;0;937,5;937,7;937,5;;17,1;11;18,7;16,6;11,4;10,6;70;60;67;250;2,4;,6;
2023/06/09;0600 UTC;0;937,2;937,5;937,2;;16,3;10,6;17,2;16;11,3;10,6;73;67;69;253;1,2;,4;
2023/06/09;0700 UTC;0;937;937,2;937;;17,4;10,3;17,5;16,3;10,9;10,2;71;63;63;216;2,1;1,5;
2023/06/09;0800 UTC;0;937,1;937,1;937;;16,2;10,1;17,4;16,1;10,3;9,9;67;63;67;253;2,2;1,4;
2023/06/09;0900 UTC;0;937,8;937,8;937,1;;14,5;10,1;16,3;14,5;10,7;10;75;67;75;16;1,9;,4;
2023/06/09;1000 UTC;0;938,5;938,5;937,8;11,2;14,5;10,5;14,7;14,2;10,7;10,1;78;75;77;315;1,5;1,1;
2023/06/09;1100 UTC;0;939,1;939,1;938,5;363,4;18;12,4;18;14,5;12,4;10,1;77;67;70;14;1,5;,6;
2023/06/09;1200 UTC;0;939,8;939,8;939,1;1080,2;21,4;11,6;21,4;17,7;12,5;10,7;70;53;54;107;3,1;1,5;
2023/06/09;1300 UTC;0;939,9;939,9;939,8;1820,5;22,5;11,5;23;21,3;12,1;10,7;55;48;50;42;4,7;3;
2023/06/09;1400 UTC;0;939,6;939,9;939,6;2402,6;24,4;11,4;24,9;22,4;12,8;11;51;43;44;35;6,1;2,1;
2023/06/09;1500 UTC;0;939,1;939,6;939,1;2697,7;26;11,1;26,3;24,3;12,3;11,1;45;39;39;54;6,2;2,6;
2023/06/09;1600 UTC;0;938;939,1;938;2760,1;27,7;10;27,8;25,7;11,3;9,2;40;33;33;82;7,2;3,7;
2023/06/09;1700 UTC;0;937;938;937;2559,6;28,4;10,8;28,4;26,6;10,9;8,7;36;31;34;92;9,7;2,9;
2023/06/09;1800 UTC;0;936,4;937;936,4;2111,9;28;10;28,6;27,5;11;9,1;34;30;33;61;6,9;2,5;
2023/06/09;1900 UTC;0;936,3;936,4;936,3;1491;27,8;10,1;28,6;27,5;10,7;9,6;34;31;33;14;5,3;2;
2023/06/09;2000 UTC;0;936,3;936,4;936,3;192,6;27;9,7;27,9;27;10,3;9,6;34;32;34;25;4;1,8;
2023/06/09;2100 UTC;0;936,6;936,6;936,3;67,1;24,3;12,1;27;24,3;12,1;9,7;47;34;47;140;2,7;,5;
2023/06/09;2200 UTC;0;936,7;936,7;936,6;;21,6;12,5;24,3;21,6;13;12;57;47;56;215;1,5;1;
2023/06/09;2300 UTC;0;937,1;937,1;936,6;;20,8;12,2;21,7;20,7;12,8;12,2;60;55;58;33;1,8;,3;
2023/06/10;0000 UTC;0;937,6;937,6;937,1;;20,4;12,4;21,2;20;12,5;12,1;61;57;60;246;1,5;1,1;
2023/06/10;0100 UTC;0;937,8;937,8;937,6;;20,7;12,8;21,3;20;13,5;12;65;56;60;298;2,1;1,4;
2023/06/10;0200 UTC;0;937,8;937,8;937,7;;19,1;12,4;20,7;18,4;13,1;12,3;68;59;65;228;2,3;,9;
2023/06/10;0300 UTC;0;937,6;937,8;937,6;;19,2;11,9;20;18,4;12,7;11,8;67;60;63;240;2,7;1,9;
2023/06/10;0400 UTC;0;937,5;937,6;937,4;;16,5;12;20;16,5;12,5;11,8;75;60;75;338;4,2;2,4;
2023/06/10;0500 UTC;0;937,1;937,5;937,1;;16,7;11,8;18,6;16,4;12,7;11,6;76;67;72;245;4,2;,9;
2023/06/10;0600 UTC;0;936,7;937,1;936,7;;16,7;12;17,6;16,6;12,2;11,8;74;70;74;334;2,1;1;
2023/06/10;0700 UTC;0;936,6;936,7;936,6;;16,4;11,8;17,3;16,4;12,4;11,8;75;72;74;250;1,8;1,1;
2023/06/10;0800 UTC;0;936,8;936,8;936,6;;16,9;11,9;17,2;16,2;12,3;11,8;76;72;72;251;1,8;,2;
2023/06/10;0900 UTC;0;937,2;937,2;936,8;;15,4;11,7;16,9;15,3;12,3;11,3;79;72;79;352;2,9;1,3;
2023/06/10;1000 UTC;0;937,8;937,8;937,2;10,9;15,8;12;16,9;14,8;12,5;11,3;81;74;78;248;2,4;,6;
2023/06/10;1100 UTC;0;938,5;938,5;937,8;244,6;18,3;13,6;18,3;15,8;13,7;12;79;74;74;357;1,5;,5;
2023/06/10;1200 UTC;0;939,1;939,1;938,5;997,4;22,6;12,4;22,8;18,2;14,4;12,1;74;51;53;119;1,2;,5;
2023/06/10;1300 UTC;0;939,1;939,2;939,1;1864,2;24,4;14,2;24,8;22,4;14,8;11,8;55;50;53;45;5,8;3,3;
2023/06/10;1400 UTC;0;938,9;939,2;938,9;2397,8;25,2;14,7;25,6;24;14,9;13,8;55;51;52;21;6,3;4,1;
2023/06/10;1500 UTC;0;937,9;938,9;937,9;2688,4;27,3;15,5;27,3;25,1;15,7;14,5;54;48;48;47;7,2;2,4;
2023/06/10;1600 UTC;0;936,9;937,9;936,9;2760,2;27,5;14,7;27,8;26,3;15,6;14;49;44;46;26;6,6;3,1;
2023/06/10;1700 UTC;0;936;936,9;936;2253,3;27,2;13,2;29,3;27;15,8;13,2;46;40;42;149;6,4;3;
2023/06/10;1800 UTC;0;935,4;936;935,4;1102,5;26,5;14,3;29,1;26,5;15;12,7;47;38;47;133;5,1;1,7;
2023/06/10;1900 UTC;0;935,3;935,4;935,3;819,4;28,4;12,9;28,8;26,4;14,3;12,8;47;38;38;105;3,6;1,6;
2023/06/10;2000 UTC;0;935,3;935,3;935,3;191,6;27,1;14,1;28,4;27,1;14,1;12,3;45;37;45;135;3,9;1,7;
2023/06/10;2100 UTC;0;935,6;935,6;935,3;71,3;24,8;14,2;27,1;24,8;14,4;13,9;52;45;52;195;2,6;1,3;
2023/06/10;2200 UTC;0;935,9;935,9;935,6;;22,8;14,2;24,8;22,8;14,6;14,2;58;52;58;210;2,9;1,1;
2023/06/10;2300 UTC;0;936,2;936,2;935,9;;22,2;14;23;22;14,3;13,9;61;58;60;229;2,2;1,4;
2023/06/11;0000 UTC;0;936,4;936,4;936,2;;21,4;13,4;22,2;21,4;13,9;13,4;60;59;60;237;2;1,1;
2023/06/11;0100 UTC;0;936,6;936,6;936,4;;21,5;13,2;21,6;20,9;13,4;13,1;62;59;59;247;2,3;1,8;
2023/06/11;0200 UTC;0;936,4;936,6;936,4;;19,6;13,8;21,7;19,6;13,8;12,7;69;57;69;306;3;1,2;
2023/06/11;0300 UTC;0;936,5;936,6;936,4;;19,4;12,8;20,4;19,2;14,1;12,8;71;64;66;240;1,9;1,3;
2023/06/11;0400 UTC;0;936,2;936,5;936,2;;19,4;13;19,6;18,7;13,7;12,8;70;66;67;257;2;,9;
2023/06/11;0500 UTC;0;935,9;936,2;935,8;;17,8;13,2;19,6;17,4;13,4;12,6;75;66;74;10;1,7;1,3;
2023/06/11;0600 UTC;0;935,7;935,9;935,7;;17,6;12,9;18,1;17,3;13,4;12,6;76;72;74;268;1,8;,5;
2023/06/11;0700 UTC;0;935,7;935,8;935,7;;18,2;12,5;19;17,6;12,9;12,4;74;66;69;248;2,5;1;
2023/06/11;0800 UTC;0;936,1;936,1;935,7;;17;12,7;18,2;16,7;12,7;12,4;76;69;76;17;1,9;,6;
2023/06/11;0900 UTC;0;936,6;936,6;936,1;;16,6;12,3;17;16,3;12,8;12,3;78;76;76;106;1,7;,3;
2023/06/11;1000 UTC;0;937,4;937,4;936,6;14,1;16,9;12,3;17,3;16;12,5;12;78;73;75;246;1,6;,9;
2023/06/11;1100 UTC;0;937,9;937,9;937,4;424,5;19,4;14;19,4;16,9;14,6;12,3;75;69;71;30;1,4;,6;
2023/06/11;1200 UTC;0;938,3;938,3;937,9;1059,7;22,9;13,1;23;19,3;14,6;12,9;71;54;54;43;2,7;1,7;
2023/06/11;1300 UTC;0;938,2;938,3;938,2;1855,1;24,7;14,5;25,3;22,7;14,8;13,2;56;51;53;64;5,1;2,7;
2023/06/11;1400 UTC;0;937,7;938,2;937,7;2385,1;25,8;14,7;25,8;24,7;15,2;14,4;54;51;51;33;6,6;3,3;
2023/06/11;1500 UTC;0;936,8;937,7;936,8;2678,9;27,1;14,8;27,8;25,4;15,6;14,4;52;45;47;41;6,8;4,4;
2023/06/11;1600 UTC;0;935,8;936,8;935,8;2740,1;28,6;13,9;29;27;15,4;12,9;48;38;41;7;6,6;3,3;
2023/06/11;1700 UTC;0;935,1;935,8;935,1;2520;28,9;13,5;29,5;28,1;14,9;13,3;43;38;39;77;6,2;1,7;
2023/06/11;1800 UTC;0;934,4;935,1;934,3;2111,5;29;13,2;29,8;28,3;14,7;12,1;42;35;38;151;4,9;1,7;
2023/06/11;1900 UTC;0;934,1;934,4;934,1;1385,1;28,5;12,1;30,4;28,5;14,3;11,8;40;34;36;160;4,6;1,5;
2023/06/11;2000 UTC;0;934,3;934,3;934,1;181,5;29;14,4;29,2;28,2;14,4;12,1;41;36;41;96;2,6;1,4;
2023/06/11;2100 UTC;0;934,7;934,7;934,3;69,2;25,7;14,6;29;25,6;14,6;14;50;41;50;146;2,3;1,1;
2023/06/11;2200 UTC;0;935,1;935,1;934,7;;24,1;14,6;25,7;24,1;15,2;14,6;56;50;55;181;1,7;,9;
2023/06/11;2300 UTC;0;935,4;935,4;935,1;;22,9;14,5;24,1;22,3;14,9;14,3;62;55;59;258;1,5;,5;
2023/06/12;0000 UTC;0;935,6;935,6;935,4;;22,2;15;23,5;22,1;15;14,1;64;56;64;342;2,1;,8;
2023/06/12;0100 UTC;0;936;936,1;935,6;;22,2;13,3;22,3;20,6;15,3;13,3;68;57;57;249;2,3;1,8;
2023/06/12;0200 UTC;0;936;936,1;936;;20,9;14,7;22,5;20,9;14,7;13;68;55;68;334;2,3;,8;
2023/06/12;0300 UTC;0;935,8;936;935,8;;20;13,5;21,4;20;14,8;13,4;70;61;66;217;1,7;,5;
2023/06/12;0400 UTC;0;935,7;935,8;935,7;;19,1;13,8;20,3;19,1;14,2;13,1;72;64;71;296;2,1;,7;
2023/06/12;0500 UTC;0;935,4;935,7;935,3;;18,5;12,9;19,4;18,3;14;12,9;73;69;70;241;2,1;1,5;
2023/06/12;0600 UTC;0;935,1;935,4;935,1;;18,6;12,9;19,1;18,1;13,5;12,7;74;67;69;243;2,1;1;
2023/06/12;0700 UTC;0;935,3;935,3;935,1;;17,9;12,8;19;17,9;13,4;12,7;72;69;72;340;1,9;1;
2023/06/12;0800 UTC;0;935,3;935,6;935,3;;17,2;13,2;17,9;15,8;13,5;12,1;82;72;77;269;2,6;,4;
2023/06/12;0900 UTC;0;935,9;935,9;935,3;;16,4;12,8;17,2;15,9;13,3;12,5;81;77;79;235;2,6;1,6;
2023/06/12;1000 UTC;0;936,6;936,6;935,9;11,9;16,6;12,9;17,7;16,3;13,3;12,6;80;74;79;318;2,8;,8;
2023/06/12;1100 UTC;0;937,3;937,3;936,6;414,1;20,5;14;20,8;16,5;14,4;12,9;80;65;66;67;1,3;,3;
2023/06/12;1200 UTC;0;937,9;937,9;937,3;1070,2;22,8;14,6;22,9;20,1;14,7;13,6;69;58;60;97;2,4;1;
2023/06/12;1300 UTC;0;937,8;937,9;937,7;1832,6;24,8;14,8;25,1;22,8;15,4;14,3;60;52;54;46;4,9;2,7;
2023/06/12;1400 UTC;0;937,4;937,8;937,4;2372,4;26;14,1;26,5;24,7;15;13,9;54;47;48;4;7,2;3,8;
2023/06/12;1500 UTC;0;936,6;937,4;936,6;2655,9;27,5;14,5;27,6;25,8;14,9;13,7;49;44;45;41;7,2;2,8;
2023/06/12;1600 UTC;0;935,5;936,6;935,5;2713,9;28,6;13,5;28,6;26,9;15,1;13,3;47;39;40;352;7;3,2;
2023/06/12;1700 UTC;0;934,7;935,5;934,7;2518,9;29,7;13;29,9;28,2;14,4;12,1;42;35;36;49;6,4;2;
2023/06/12;1800 UTC;0;934,1;934,7;934,1;2139,6;30,1;12,4;30,5;29;13,6;11,5;38;32;34;51;6,3;1,9;
2023/06/12;1900 UTC;0;934,1;934,1;934;1610,8;29,7;12,3;31;29,6;14,3;10,9;37;30;34;113;4,9;1,7;
2023/06/12;2000 UTC;0;934,2;934,2;934,1;301,1;28,6;13,6;29,8;28,6;13,8;12;40;34;40;118;4,6;2,2;
2023/06/12;2100 UTC;0;934,6;934,6;934,2;100,3;27;13,2;28,7;26,9;13,8;12,9;43;38;43;167;3;,7;
2023/06/12;2200 UTC;0;935,2;935,2;934,6;;25,3;14,6;27;25,2;14,9;13,1;52;43;52;227;1,8;1,4;
2023/06/12;2300 UTC;0;935,7;935,7;935,2;;24,7;14,1;25,5;24,5;15,7;13,9;57;50;52;196;1,9;,8;
2023/06/13;0000 UTC;0;936,2;936,2;935,7;;23,6;13,6;24,7;23,4;14,1;13,4;54;51;53;220;2,2;,9;
2023/06/13;0100 UTC;0;936,5;936,5;936,2;;23,3;13,7;23,7;22,4;13,9;13,5;58;53;55;245;2,8;1,7;
2023/06/13;0200 UTC;0;936,3;936,5;936,2;;23,1;13,3;23,6;23;13,8;13,1;55;53;54;240;2,6;2,2;
2023/06/13;0300 UTC;0;936;936,3;936;;22,1;13,1;23,1;21,4;13,4;13,1;60;54;56;243;2,7;2;
2023/06/13;0400 UTC;0;936;936;936;;20,2;14,9;22,1;20;14,9;13;72;56;72;12;2,4;,9;
2023/06/13;0500 UTC;0;935,7;936;935,7;;20,4;14,8;21,1;20,2;15;14;72;66;70;9;1,4;,3;
2023/06/13;0600 UTC;0;935,6;935,8;935,5;;20,7;13,7;20,7;20;15,3;13,7;72;64;64;245;1,1;,7;
2023/06/13;0700 UTC;0;935,8;935,8;935,6;;19,6;14,4;20,8;19,6;14,7;13,7;72;64;72;80;1,2;,6;
2023/06/13;0800 UTC;0;936;936,1;935,7;;19,4;14,5;19,9;19;14,9;14,3;75;72;73;219;1,8;,7;
2023/06/13;0900 UTC;0;936,3;936,3;935,8;;18,3;14,1;19,9;18,3;14,8;14;77;69;77;270;1,9;1,3;
2023/06/13;1000 UTC;0;937,1;937,1;936,3;11;17,7;14,2;19,4;17,5;14,2;13,5;80;69;80;116;2;,4;
2023/06/13;1100 UTC;0;937,9;937,9;937,1;406,3;20,7;14,2;20,7;17,7;14,7;13,7;80;66;67;125;2,3;,8;
2023/06/13;1200 UTC;0;938,4;938,4;937,9;1056,6;23;13,6;23,5;20,7;14,7;13,6;67;55;56;121;2,6;1;
2023/06/13;1300 UTC;0;938,6;938,7;938,4;1813,3;24,9;13,2;25,6;22,9;14,9;13,2;57;48;48;353;3,5;1,1;
2023/06/13;1400 UTC;0;938,1;938,6;938,1;2337,9;26,4;13,7;27,3;24,8;14,6;13,4;51;44;46;66;5,4;3,1;
2023/06/13;1500 UTC;0;937,3;938,1;937,3;2632,9;27,7;13,5;28;26,3;14,5;12,8;47;41;42;61;6,4;2,7;
2023/06/13;1600 UTC;0;936,4;937,3;936,4;2682,5;28,6;13,2;29;27,3;14,5;12,1;43;36;39;60;5,6;2,5;
2023/06/13;1700 UTC;0;935,4;936,4;935,4;2507,3;29;12;29,4;27,8;14;11,8;40;34;35;84;5,7;1,9;
2023/06/13;1800 UTC;0;934,7;935,4;934,7;2163,3;29,3;11,7;30;28,5;14,2;11,5;39;33;34;176;5,1;1,3;
2023/06/13;1900 UTC;0;934,5;934,7;934,5;1305,9;27,8;12,5;30,5;27,8;13,5;11,3;39;32;39;98;4,7;2,8;
2023/06/13;2000 UTC;0;934,7;934,7;934,5;161,5;28,2;11,9;29,4;27,3;13,4;11,6;41;34;36;126;4,7;,9;
2023/06/13;2100 UTC;0;935;935;934,7;69,9;25,3;14,8;28,7;25,2;15,2;11,5;54;35;52;226;2,1;1,9;
2023/06/13;2200 UTC;0;935,5;935,5;935;;23,1;13,9;25,3;23,1;14,9;13,2;56;51;56;220;2,3;,7;
2023/06/13;2300 UTC;0;935,8;935,9;935,5;;23,5;13,3;23,8;22,6;13,7;13,1;57;52;53;236;2;1,1;
2023/06/14;0000 UTC;0;936,1;936,1;935,8;;23;14,8;23,7;23;14,9;13,3;60;52;60;23;1,7;,2;
2023/06/14;0100 UTC;0;936,3;936,3;936,1;;22,4;13,5;23;22,2;15,1;13,5;63;57;57;305;,9;,5;
2023/06/14;0200 UTC;0;936;936,3;936;;21,2;13,4;22,4;21,2;14,5;13;63;57;61;256;2;1,1;
2023/06/14;0300 UTC;0;935,9;936;935,9;;20,9;12,9;22,3;20,9;13,4;12,9;62;56;60;256;2,5;,4;
2023/06/14;0400 UTC;0;935,9;936;935,9;;20,4;14;20,9;20,3;14,5;12,9;68;60;67;260;1,4;,6;
2023/06/14;0500 UTC;0;935,6;936;935,6;;19,9;13,7;20,4;17,5;14,5;12,8;77;65;67;215;2,6;,5;
2023/06/14;0600 UTC;0;935,4;935,7;935,4;;19,2;13,6;20;19;13,7;12,8;70;64;70;303;2;,6;
2023/06/14;0700 UTC;0;935,3;935,4;935,2;;19,5;13,6;19,6;18,8;13,9;13,6;73;68;69;18;1,7;,6;
2023/06/14;0800 UTC;0;935,6;935,6;935,3;;20,1;12,9;20,5;19,5;13,5;12,9;69;63;63;8;2,7;1,4;
2023/06/14;0900 UTC;0;935,9;935,9;935,6;;18,3;12,9;20,1;18,2;13;12,8;71;63;71;292;2,4;,4;
2023/06/14;1000 UTC;0;936,5;936,5;935,9;10,7;18,7;13,1;19,1;18,3;13,1;12,8;71;68;70;18;2,3;1,2;
2023/06/14;1100 UTC;0;937,4;937,4;936,5;405,6;21,9;12,8;21,9;18,7;13,7;12,7;70;56;56;68;2,7;,5;
2023/06/14;1200 UTC;0;938,1;938,1;937,4;1055,3;23,1;12,4;23,4;21,5;13,9;12;60;49;51;63;5,6;3,2;
2023/06/14;1300 UTC;0;937,9;938,1;937,9;1825,2;24,8;12,3;25;23,1;13,1;11,5;52;44;46;21;6,2;3,5;
2023/06/14;1400 UTC;0;937,9;938;937,8;2352,2;26,2;12;26,4;24,8;12,6;11,1;46;39;41;54;9;4,5;
2023/06/14;1500 UTC;0;937;937,9;937;2630,6;26,8;12,3;27,3;25,8;12,9;11,5;43;38;40;54;8,2;4,2;
2023/06/14;1600 UTC;0;936;937;935,9;2686,8;27,9;12,5;28,1;26,7;13,5;11,6;42;37;39;57;8,4;4,2;
2023/06/14;1700 UTC;0;934,9;936;934,9;2503;28,7;11,9;29,1;27,5;13,1;11,1;39;34;35;70;7,2;3;
2023/06/14;1800 UTC;0;934,3;934,9;934,3;2065;29,4;11,7;29,5;28,4;12,7;11,1;38;33;34;83;6,6;2,8;
2023/06/14;1900 UTC;0;934,3;934,4;934,2;1462,7;29;11,7;29,7;28,7;12,5;11;36;33;34;79;5,8;2,3;
2023/06/14;2000 UTC;0;934,4;934,5;934,3;181,4;28;11;29,1;28;11,8;10,7;35;33;35;65;5,1;2,7;
2023/06/14;2100 UTC;0;935;935;934,4;57;25,7;12,3;28;25,7;12,3;10,8;43;34;43;112;4,3;,8;
2023/06/14;2200 UTC;0;935,4;935,4;935;;23,4;13;25,7;23,2;13,5;12,3;54;43;52;227;2;1,1;
2023/06/14;2300 UTC;0;936;936;935,4;;23,4;12,7;23,5;23;13,1;12,4;53;50;51;243;2,2;,8;
2023/06/15;0000 UTC;0;936,5;936,5;936;;23,1;13,8;23,4;22,6;13,8;12,4;56;50;56;301;2,3;,9;
2023/06/15;0100 UTC;0;936,8;936,8;936,5;;20,9;14,3;23,1;20,8;14,6;13,9;66;56;66;254;1,5;,5;
2023/06/15;0200 UTC;0;936,7;936,8;936,6;;21,1;14;21,3;20,7;14,6;13,8;66;63;64;13;1,3;,1;
2023/06/15;0300 UTC;0;936,4;936,7;936,4;;20;14,4;21,1;19,7;14,5;13,7;70;64;70;273;1;,4;
2023/06/15;0400 UTC;0;936,2;936,4;936,2;;19,6;14,3;20,4;19,4;14,5;13,9;72;69;71;355;1,2;,3;
2023/06/15;0500 UTC;0;936;936,2;935,8;;18,2;13,8;19,6;18;14,2;13,5;75;71;75;48;2,4;1,4;
2023/06/15;0600 UTC;0;935,4;936;935,4;;18,7;13,5;19,7;18,2;14,1;13,3;75;67;72;14;2,4;,9;
2023/06/15;0700 UTC;0;935,4;935,4;935,3;;18,9;13,2;19,8;17,4;13,5;12,7;74;66;70;279;2,1;,6;
2023/06/15;0800 UTC;0;935,8;935,8;935,4;;17,7;13,1;19;16,8;13,2;12,4;76;69;74;257;2,1;,7;
2023/06/15;0900 UTC;0;936,2;936,2;935,8;;16,7;12,7;17,7;16,7;13;12,6;77;74;77;25;2;,2;
2023/06/15;1000 UTC;0;936,8;936,8;936,2;15,7;16,9;13;17,1;16,4;13,1;12,6;79;77;78;352;1,7;,7;
2023/06/15;1100 UTC;0;937,6;937,6;936,8;426,7;19,4;13,2;19,4;15,9;13,5;12,4;81;67;67;221;2,2;1;
2023/06/15;1200 UTC;0;937,9;937,9;937,6;1039,7;22,9;13,7;22,9;19,4;14;13;67;55;56;67;4,1;2,2;
2023/06/15;1300 UTC;0;937,9;938;937,8;1742,8;23,8;12,7;24,3;22,4;14;12,4;56;49;50;10;5,3;3,1;
2023/06/15;1400 UTC;0;937,7;937,9;937,6;2340,2;25,7;13,4;25,7;23,7;13,7;12,5;51;46;46;58;6,6;2,7;
2023/06/15;1500 UTC;0;936,8;937,7;936,8;2434,7;26,9;13,8;26,9;25;13,8;12,6;49;43;44;37;5,9;3,4;
2023/06/15;1600 UTC;0;935,7;936,8;935,7;2570,8;27,8;13,2;28,2;26,2;14,3;12,5;45;40;41;52;7,9;3,5;
2023/06/15;1700 UTC;0;934,9;935,7;934,8;2258,9;28,3;13,3;28,7;27,1;14,3;12,3;43;38;40;2;7,1;2,6;
2023/06/15;1800 UTC;0;934,5;934,9;934,4;1909,4;28,6;12,2;28,8;27,6;13,9;11,3;41;35;36;293;5,7;1,1;
2023/06/15;1900 UTC;0;934,4;934,5;934,4;1032,1;27,9;13,1;28,6;27,7;13,1;11,9;40;36;40;173;4,1;1,2;
2023/06/15;2000 UTC;0;934,6;934,6;934,4;356,9;26,2;14,8;27,9;26,2;14,9;12,9;50;40;50;119;2,8;1,5;
2023/06/15;2100 UTC;0;935,1;935,2;934,6;56,2;24,7;15,2;26,2;24,7;15,2;14,5;56;50;56;154;2,5;,6;
2023/06/15;2200 UTC;0;935,6;935,7;935,1;;23,6;15,1;24,7;23,5;15,7;14,9;61;55;59;182;2,4;1;
2023/06/15;2300 UTC;0;936,1;936,1;935,5;;22,1;14,8;23,6;22,1;15,1;14,6;64;58;64;230;2,9;2,1;
2023/06/16;0000 UTC;0;937;937;936;;22,2;15,7;22,4;21,6;15,7;14,8;67;64;67;220;7,3;2,5;
2023/06/16;0100 UTC;0;937,6;937,7;937;;20,9;16,1;22,2;20,8;16,5;15,7;76;67;74;211;6,8;3,2;
2023/06/16;0200 UTC;0;937,7;937,7;937,5;;20,1;15,1;20,9;20,1;16,1;15,1;74;73;73;216;6,8;2,9;
2023/06/16;0300 UTC;0;937,8;937,8;937,7;;19,4;14,5;20,1;19,4;15;14,5;74;72;73;213;5,3;2,7;
2023/06/16;0400 UTC;0;937,4;937,8;937,4;;19,4;14,1;19,7;19,3;14,5;14,1;74;71;72;221;5,1;2,2;
2023/06/16;0500 UTC;0;936,7;937,4;936,7;;18,5;13,8;19,4;18,5;14,1;13,7;74;71;74;231;3,9;1,8;
2023/06/16;0600 UTC;0;936,1;936,7;936,1;;18,5;13,8;18,7;17,8;14;13,6;77;74;74;233;4,1;2,3;
2023/06/16;0700 UTC;0;936,2;936,3;936,1;;17,9;13,9;18,5;17,7;14;13,7;78;74;78;234;4,5;1,4;
2023/06/16;0800 UTC;0;936,6;936,7;936,2;;17,3;13,7;17,9;17,2;14;13,7;80;77;80;19;2,8;,8;
2023/06/16;0900 UTC;0;937;937,2;936,6;;16,7;13,8;17,3;16;14,1;13,4;85;80;83;250;1,8;1,1;
2023/06/16;1000 UTC;0;937,7;937,8;937;5,1;15,9;13,5;16,9;15;13,9;12,2;87;81;86;246;3;1,9;
2023/06/16;1100 UTC;0;937,9;938;937,7;226,9;18,7;14,4;18,7;15,9;14,5;13,4;86;76;76;337;3;,8;
2023/06/16;1200 UTC;0;938,4;938,4;937,9;826,2;21,5;15,1;21,7;18,7;15,4;14,2;76;65;67;100;3,1;1,7;
2023/06/16;1300 UTC;0;938,5;938,6;938,4;1457,9;23,5;15,6;23,7;21,5;16,1;14,6;68;60;61;78;4,5;2,6;
2023/06/16;1400 UTC;0;938,2;938,6;938,2;2073,1;24,8;15,4;25,1;22,8;16;14,7;62;55;56;32;5,5;3,1;
2023/06/16;1500 UTC;0;937,7;938,2;937,7;1895,9;24,7;15;25,3;23,9;15,6;14,5;58;54;55;14;6,5;2,6;
2023/06/16;1600 UTC;0;936,8;937,7;936,7;1925,5;25,9;15,2;26,6;24,4;16,2;15;56;51;52;37;4,9;2,5;
2023/06/16;1700 UTC;0;936,1;936,8;936;1426,5;26,1;15,6;26,3;25,5;16;15;54;51;52;43;4,8;1,6;
2023/06/16;1800 UTC;0;935,7;936,1;935,7;1243,9;26;14,8;26,8;25,9;16,5;14,7;54;49;50;78;4;2;
2023/06/16;1900 UTC;0;935,5;935,7;935,5;633,4;25,6;15,2;26,3;25,6;15,8;14,8;54;50;52;121;3,7;1,5;
2023/06/16;2000 UTC;0;935,7;935,9;935,4;138,4;24,2;16,2;25,6;24,1;16,2;15,3;61;52;61;121;3,2;1;
2023/06/16;2100 UTC;,8;936,3;936,3;935,7;,6;21,8;17,9;24,2;21,7;18,4;16,2;81;61;78;190;2,6;1,2;
2023/06/16;2200 UTC;0;936,4;936,7;936,3;;20,9;17,6;21,8;20,7;18,1;17,6;84;78;82;195;3,7;2,1;
2023/06/16;2300 UTC;,2;937;937;936,4;;20,5;17,6;21;20,5;18;17,3;85;81;84;200;3,5;1,7;
2023/06/17;0000 UTC;4,2;938,2;938,2;936,9;;19,2;17,7;20,5;19,2;17,9;17,4;91;83;91;253;3,8;2;
2023/06/17;0100 UTC;2,6;938,5;938,5;937,9;;19,3;18;19,6;19;18;17,4;92;89;92;45;3,6;2;
2023/06/17;0200 UTC;1,6;938,4;938,6;938,4;;19,3;18;19,6;19,3;18,2;17,8;92;91;92;358;3,2;,5;
2023/06/17;0300 UTC;,6;938,2;938,5;938,1;;19,1;17,9;19,4;19;18,4;17,7;94;92;93;20;3,1;1,9;
2023/06/17;0400 UTC;,6;937,8;938,2;937,8;;18,9;17,5;19,1;18,9;17,9;17,5;93;91;92;341;3,1;,8;
2023/06/17;0500 UTC;0;937,2;937,8;937,2;;18,5;17,3;19;18,5;17,5;17;93;89;93;193;1,5;,2;
2023/06/17;0600 UTC;0;936,9;937,2;936,7;;18,2;16,8;18,7;18,2;17,8;16,8;95;91;91;241;3,7;2,1;
2023/06/17;0700 UTC;0;936,3;936,9;936,3;;18,5;17,4;18,5;18,2;17,4;16,7;93;91;93;235;3,7;1,7;
2023/06/17;0800 UTC;,6;936,8;936,8;936,3;;18,7;17,1;18,8;18,3;17,5;16,9;93;90;90;284;3;1,1;
2023/06/17;0900 UTC;,2;936,9;936,9;936,6;;18,3;18,1;18,7;18,2;18,1;16,9;99;90;99;256;2,2;,5;
2023/06/17;1000 UTC;0;937,6;937,6;936,8;1,2;18,2;17,8;18,4;18;18,3;17,4;99;96;97;220;2;,6;
2023/06/17;1100 UTC;0;939,2;939,2;937,6;64,2;18,5;17,9;18,7;18,1;18,3;17,6;98;96;96;217;2,6;1;
2023/06/17;1200 UTC;0;939,7;939,7;939,1;405,6;19,2;17,6;19,3;18,4;18,1;17,5;97;90;90;242;2,4;,7;
2023/06/17;1300 UTC;0;940,2;940,2;939,7;694,6;20,2;17,7;20,2;19,2;17,9;17,2;90;85;86;221;2,1;,9;
2023/06/17;1400 UTC;,2;940,1;940,4;940,1;1444,7;21,1;17,6;21,1;20,1;18,2;16,9;87;80;80;206;4,6;2;
2023/06/17;1500 UTC;0;939,5;940,2;939,5;1597,8;21,7;17,2;22,6;21,1;18,4;17,1;82;74;76;217;6,4;3,4;
2023/06/17;1600 UTC;0;938,6;939,5;938,5;1614,5;22,4;17,1;22,8;21,6;17,8;17;77;70;72;223;6,4;2,8;
2023/06/17;1700 UTC;0;937,4;938,6;937,4;2121,1;23,7;16;24,1;22,3;17,5;16;73;62;62;229;6,4;2,1;
2023/06/17;1800 UTC;0;936,8;937,4;936,8;1233;24,7;13,5;24,8;23,6;16,6;12,9;64;48;50;213;4,9;2,1;
2023/06/17;1900 UTC;0;936,6;936,8;936,5;1192,2;24,8;14;25,1;24,2;14,3;12,9;54;48;51;221;4,6;2,4;
2023/06/17;2000 UTC;0;936,8;936,8;936,5;183,1;24,9;13,9;25,3;24,8;14,3;13,5;52;49;50;239;4,5;1,1;
2023/06/17;2100 UTC;0;936,7;936,9;936,7;73,8;22,9;14,5;25,4;22,9;14,5;13,5;59;48;59;56;1,7;,2;
2023/06/17;2200 UTC;0;937,2;937,3;936,7;;19,6;15,7;22,9;19,5;15,8;14,3;79;58;78;93;1,4;,2;
2023/06/17;2300 UTC;0;937,7;937,7;937,2;;20,2;14,7;20,6;18,4;15,5;14,6;79;71;71;254;4,2;1,7;
2023/06/18;0000 UTC;0;938,3;938,3;937,7;;19,5;15,2;20,2;18,1;15,9;14,6;81;71;76;289;2,1;1,2;
2023/06/18;0100 UTC;0;938,4;938,4;938,2;;18,5;12,7;19,6;17,1;15,6;12,7;86;69;69;238;3,1;2,5;
2023/06/18;0200 UTC;0;938,3;938,5;938,3;;18,3;13,4;19,6;18,3;13,4;12,3;73;65;73;281;3,1;1;
2023/06/18;0300 UTC;0;938,1;938,4;938,1;;17;12,8;18,7;16,9;13,5;12,6;76;71;76;228;2,2;1,8;
2023/06/18;0400 UTC;0;937,8;938,1;937,8;;16,9;13,2;17,6;16,7;13,3;12,3;80;73;79;113;2,2;,5;
2023/06/18;0500 UTC;0;937,1;937,8;937,1;;17,1;11,9;17,3;16,3;13;11,9;79;72;72;224;3;1,9;
2023/06/18;0600 UTC;0;936,8;937,1;936,8;;17;12;17,2;15,9;12,8;11,6;80;70;73;211;3,1;1,4;
2023/06/18;0700 UTC;0;936,7;936,8;936,6;;16;12,1;17;15,6;12,8;11,9;82;73;78;226;2,4;2;
2023/06/18;0800 UTC;0;937;937;936,7;;15,7;11,8;16,1;15,2;12,3;11,6;83;77;78;246;2,5;1,4;
2023/06/18;0900 UTC;0;937,1;937,2;936,9;;15,1;12,2;15,7;14,4;12,4;11,7;84;78;83;215;2,1;1,4;
2023/06/18;1000 UTC;0;938;938;937,1;8,4;15,4;11,9;15,7;15;12,3;11,8;83;79;80;239;3,2;2,5;
2023/06/18;1100 UTC;0;938,6;938,6;938;413,1;17,9;13,1;17,9;15,4;13,2;12;80;73;73;235;3,2;1,5;
2023/06/18;1200 UTC;0;939,4;939,4;938,6;1074;20,1;12,6;20,5;17,9;14,3;12,6;74;62;62;318;2,7;,5;
2023/06/18;1300 UTC;0;939,7;939,7;939,4;1857,9;22,6;12,7;22,9;20;14;11,6;64;51;53;115;2,7;1,1;
2023/06/18;1400 UTC;0;939,4;939,7;939,4;2406,4;23,8;12,3;24,7;22,6;14,4;11,7;55;48;48;128;3,6;2;
2023/06/18;1500 UTC;0;938,7;939,4;938,7;2701,8;25;13,2;25,7;23,6;14,1;12,2;52;45;48;48;4,2;1;
2023/06/18;1600 UTC;0;937,8;938,7;937,8;2765,3;26;11,3;26,4;24,9;14,1;11,1;49;39;40;83;5,1;1,8;
2023/06/18;1700 UTC;0;936,9;937,8;936,9;2583,4;27,6;13,5;27,6;25,8;14;10,4;47;36;42;100;5,6;1,7;
2023/06/18;1800 UTC;0;936,4;936,9;936,4;2130,8;26,9;10,7;27,8;26,5;13,2;10,6;42;35;36;132;4,9;1,8;
2023/06/18;1900 UTC;0;936;936,4;936;1522,5;26,7;12,3;27,7;26,5;12,7;10,6;41;36;41;152;3,8;1,8;
2023/06/18;2000 UTC;0;936,2;936,2;936;154,7;25,8;12,8;27,2;25,8;12,8;10,9;45;38;45;147;3,4;1,7;
2023/06/18;2100 UTC;0;936,8;936,8;936,2;76,5;23,3;13,6;25,8;23,2;13,8;12,8;55;44;55;173;3,2;,9;
2023/06/18;2200 UTC;0;937;937;936,8;;21,3;13,2;23,4;21,3;13,8;13,1;60;54;60;192;2,3;,3;
2023/06/18;2300 UTC;0;937,7;937,7;937;;21,4;13,8;21,7;20,7;13,8;12,9;62;58;62;332;1,5;1,1;
2023/06/19;0000 UTC;0;938,1;938,1;937,7;;20;14,2;21,5;19,1;14,2;12,9;70;61;69;307;1,5;,6;
2023/06/19;0100 UTC;0;938,5;938,5;938,1;;19,8;13,2;20,5;18,6;14;12,8;72;62;66;274;2;,9;
2023/06/19;0200 UTC;0;938,8;938,9;938,5;;17,6;13,4;19,8;15,7;14,2;12,2;82;66;77;222;5,2;2,3;
2023/06/19;0300 UTC;0;938,5;938,9;938,5;;18,7;12,7;18,8;17,6;13,4;12,7;77;68;68;237;3,5;2,2;
2023/06/19;0400 UTC;0;938,3;938,5;938,3;;17,9;12,9;18,9;17,5;13;12,5;74;67;73;245;3,8;2,4;
2023/06/19;0500 UTC;0;937,8;938,3;937,8;;17,9;12,9;18;17,5;13;12,8;74;72;72;245;3,6;2;
2023/06/19;0600 UTC;0;937,5;937,8;937,4;;16,6;12,6;17,9;16,4;13,2;12,5;80;72;77;359;2,5;1,7;
2023/06/19;0700 UTC;0;937,4;937,5;937,3;;15,9;12,4;16,6;15,5;13,1;12,2;82;77;80;237;2,3;1,4;
2023/06/19;0800 UTC;0;937,6;937,6;937,4;;16,8;11,7;16,8;15,6;12,5;11,6;80;72;72;229;3,2;2,1;
2023/06/19;0900 UTC;0;938,5;938,5;937,6;;15,1;12,1;17,1;14,4;12,1;11;84;70;82;352;3,4;2,5;
2023/06/19;1000 UTC;0;939;939;938,5;8,8;14,3;11,5;16,2;14,1;12,3;11,1;84;77;83;209;3,8;,7;
2023/06/19;1100 UTC;0;939,9;939,9;939;402,3;18;12,4;18;14,3;12,7;11,6;83;70;70;205;2;1,1;
2023/06/19;1200 UTC;0;940,8;940,8;939,9;1060,2;21,3;13,8;21,3;18;14,2;12,3;70;61;62;100;2,5;1,4;
2023/06/19;1300 UTC;0;940,8;940,9;940,7;1830,1;23,4;14,8;23,5;21,1;15;13,7;66;57;58;101;4,9;2,9;
2023/06/19;1400 UTC;0;940,6;940,9;940,6;2371,3;24,7;15;24,8;23,2;16;14,3;61;53;55;106;5,7;3;
2023/06/19;1500 UTC;0;940,1;940,6;940,1;2742,1;25,7;14,3;25,8;24,7;15,8;13,9;56;49;49;62;7,3;3,8;
2023/06/19;1600 UTC;0;939,3;940,1;939,3;2389,5;25,9;14;26,5;24,8;15;13;52;45;48;82;6,5;2,9;
2023/06/19;1700 UTC;0;938,3;939,3;938,3;1858,2;26,7;13,1;26,9;25;14,6;11,6;51;39;43;76;7,7;2,6;
2023/06/19;1800 UTC;0;937,8;938,3;937,7;2292;27,4;13,6;28;26,5;13,6;10,9;43;36;43;131;6,1;3,1;
2023/06/19;1900 UTC;0;937,7;937,8;937,7;1209,9;26,2;11,5;27,6;25,4;13,3;11,4;47;38;40;131;6;,9;
2023/06/19;2000 UTC;0;937,9;937,9;937,6;199,9;25,5;12,1;26,3;24,9;12,2;10,7;44;38;43;176;1,7;,5;
2023/06/19;2100 UTC;0;938,1;938,2;937,9;78,2;23,3;14,5;25,5;23,3;14,8;11,7;58;42;58;190;1,7;1;
2023/06/19;2200 UTC;0;938,5;938,5;938,1;;21,4;12,5;23,3;21,3;14,8;12,5;63;57;57;236;2,3;1,2;
2023/06/19;2300 UTC;0;939,1;939,1;938,5;;20,5;12,7;21,5;20,5;12,9;12,3;61;57;61;261;1,7;,6;
2023/06/20;0000 UTC;0;939,4;939,4;939,1;;19,8;13,7;20,5;19,4;14,2;12,6;71;61;68;270;1,5;,9;
2023/06/20;0100 UTC;0;939,6;939,6;939,4;;18,4;12,5;19,8;15,9;14,1;11,3;76;64;69;225;5,3;2,3;
2023/06/20;0200 UTC;0;939,6;939,7;939,6;;19;11,7;19,6;18,4;12,6;11,7;69;61;63;228;3,7;1,6;
2023/06/20;0300 UTC;0;939,5;939,6;939,5;;20;10,8;20,1;18,5;12;10,7;65;55;55;189;2,3;1,3;
2023/06/20;0400 UTC;0;939,3;939,5;939,3;;18,6;10,6;20;18,2;10,8;10,5;61;55;60;209;3,2;1,6;
2023/06/20;0500 UTC;0;939;939,3;939;;16,9;10,7;18,6;16,9;10,9;10,2;67;59;67;225;3,4;2,5;
2023/06/20;0600 UTC;0;939;939,1;938,9;;16,3;10,4;17,7;15,9;10,8;9,9;70;61;68;275;3,6;,7;
2023/06/20;0700 UTC;0;938,9;939;938,9;;16;10;16,6;15,6;10,5;9,8;71;65;68;247;1,7;,8;
2023/06/20;0800 UTC;0;938,9;939;938,8;;14,3;10,5;16;14,3;11;9,8;79;67;78;351;1,5;,7;
2023/06/20;0900 UTC;0;938,9;938,9;938,8;;14,8;10;14,9;14;11,1;10;80;73;73;273;1,5;,6;
2023/06/20;1000 UTC;0;939,3;939,3;938,9;9,3;14,4;10,1;15,5;13,9;10,2;9,8;78;70;76;250;1,5;,6;
2023/06/20;1100 UTC;0;940;940;939,3;398,6;18,3;11,7;18,3;14,4;11,7;10,2;76;65;65;103;2;1,1;
2023/06/20;1200 UTC;0;940,9;940,9;940;1057,4;20,8;12,8;21,1;18,4;12,9;11;65;56;60;63;4,6;2,3;
2023/06/20;1300 UTC;0;941,3;941,3;940,9;1851,9;22,2;12,9;22,6;20,8;13,8;12,3;63;53;56;55;7,4;4;
2023/06/20;1400 UTC;0;941,1;941,3;941,1;2405,8;24,1;13,1;24,2;21,9;13,6;11,9;55;49;50;95;8,1;3,3;
2023/06/20;1500 UTC;0;940,3;941,1;940,3;2693,7;24,9;12,6;25,4;23,6;13,4;11,4;52;43;46;75;6,4;3,3;
2023/06/20;1600 UTC;0;939,4;940,3;939,4;2761,4;25,9;12,5;26,1;24,4;13,2;11,5;48;41;43;68;6,4;3,6;
2023/06/20;1700 UTC;0;938,3;939,4;938,3;2557,7;26;11;26,4;25;12,9;11;44;38;39;95;6,4;1,9;
2023/06/20;1800 UTC;0;937,6;938,3;937,6;2097,8;26,7;11,1;26,8;25,6;12,1;9,6;42;35;38;133;6,4;2,1;
2023/06/20;1900 UTC;0;937,5;937,6;937,5;1143,9;25,9;10,1;27;25,3;11,6;9,6;41;35;37;119;6,4;1;
2023/06/20;2000 UTC;0;937,5;937,5;937,4;238,6;24,1;11,5;26,5;24,1;12,2;10,1;46;37;45;164;3,5;,9;
2023/06/20;2100 UTC;0;937,8;937,8;937,5;41,7;21,8;12;24,1;21,8;12,5;11,3;54;45;54;236;2,5;1,8;
2023/06/20;2200 UTC;0;937,9;937,9;937,8;;22,1;11,1;22,1;21,2;12,1;10,9;55;50;50;259;2,5;1;
2023/06/20;2300 UTC;0;938,1;938,1;937,9;;20,5;12,6;22,3;17,7;14,6;10,9;75;49;61;303;1,6;,3;
2023/06/21;0000 UTC;0;938,3;938,3;938,1;;18,4;12,7;20,5;17,4;13,2;12,2;73;61;70;91;1,3;,4;
2023/06/21;0100 UTC;0;938,4;938,5;938,3;;18,8;13,7;19,8;18,3;13,9;12,2;72;62;72;350;1,3;,8;
2023/06/21;0200 UTC;0;938,4;938,5;938,2;;17;12,1;19,1;16,5;13,9;12;79;68;73;355;6,4;1,8;
2023/06/21;0300 UTC;0;938,6;938,6;938,4;;18,4;11,3;18,4;14,8;12,8;11;82;63;63;232;7;,9;
2023/06/21;0400 UTC;0;938,6;938,7;938,6;;18,1;10,4;18,9;17,4;11,3;10,4;67;58;61;348;3,3;,8;
2023/06/21;0500 UTC;0;938,4;938,6;938,4;;17,6;9,8;18,6;17,6;10,5;9,8;63;57;60;296;2,3;,5;
2023/06/21;0600 UTC;0;938,1;938,4;938,1;;17,5;9,8;18;17,1;9,9;9,6;62;58;61;5;3,8;1,8;
2023/06/21;0700 UTC;0;938;938,1;937,8;;16,5;10,1;17,5;16,5;10,1;9,7;66;61;66;10;3,5;2,3;
2023/06/21;0800 UTC;0;938;938,1;938;;16,4;10;16,6;16;10,2;10;68;65;66;10;4;2,5;
2023/06/21;0900 UTC;0;938,4;938,4;938;;13,3;10,1;16,4;13,3;10,4;9,5;81;66;81;98;3,6;1,2;
2023/06/21;1000 UTC;0;938,9;938,9;938,4;9,1;13,8;10,1;14;13,2;10,4;9,9;81;78;78;185;1,9;,6;
2023/06/21;1100 UTC;0;939,4;939,4;938,9;392,1;16,2;10,6;16,2;13,8;10,7;10,1;78;69;69;197;1,2;,5;
2023/06/21;1200 UTC;0;940,1;940,1;939,4;1065,8;19,7;11,4;19,7;16,2;12;9,7;69;59;59;98;2,9;1,9;
2023/06/21;1300 UTC;0;940,2;940,2;940,1;1854,6;21,7;11,8;21,8;19,3;12,8;10,8;62;51;53;88;5,8;3,3;
2023/06/21;1400 UTC;0;939,9;940,2;939,9;2429,1;23,1;11,6;23,2;21,7;12,2;10,1;55;46;48;94;7,7;3,9;
2023/06/21;1500 UTC;0;939,2;939,9;939,2;2727,8;23,9;10,4;24,3;22,7;11,8;10,1;49;42;42;79;6,8;2,6;
2023/06/21;1600 UTC;0;938,1;939,2;938,1;2771,6;24,7;10,9;25,3;23,1;12,6;10;47;39;42;104;5,5;2,7;
2023/06/21;1700 UTC;0;937;938,1;937;2576,9;24,8;8,9;26;24;11,2;8,3;43;34;36;128;6;,9;
2023/06/21;1800 UTC;0;936,6;937;936,6;2105,4;26;9,2;26;24,8;10,7;8,4;39;33;35;65;5,5;1,3;
2023/06/21;1900 UTC;0;936,3;936,6;936,3;1495,5;25,1;8,5;26,3;24,9;9,9;7,8;36;33;35;165;5;2,3;
2023/06/21;2000 UTC;0;936,4;936,4;936,3;207,9;24,3;10,1;25,3;24,3;10,2;7,8;41;34;41;140;4,4;1,7;
2023/06/21;2100 UTC;0;936,7;936,7;936,4;78,8;21,6;10,8;24,3;21,6;10,8;10;50;41;50;160;3,5;1,2;
2023/06/21;2200 UTC;0;937,2;937,2;936,7;;20,4;10,8;21,6;20,2;11,5;10,8;57;50;54;218;2,3;1,4;
2023/06/21;2300 UTC;0;937,5;937,5;937,2;;19,2;10,2;20,4;17,4;11,1;10,2;66;54;56;255;2,6;1,5;
2023/06/22;0000 UTC;0;937,7;937,7;937,4;;18,4;11,8;19,6;17,1;11,9;9,9;67;55;65;313;2,1;,7;
2023/06/22;0100 UTC;0;938;938;937,7;;17,5;11;18,6;17,2;12,1;10,3;70;58;66;256;1,8;,8;
2023/06/22;0200 UTC;0;938,2;938,3;937,9;;14,8;10;17,5;13,4;11,7;8,9;79;64;73;184;8,4;1,8;
2023/06/22;0300 UTC;0;938,2;938,2;938,1;;16,7;10,1;17,8;14;10,6;9,7;77;61;65;214;4,4;,6;
2023/06/22;0400 UTC;0;938,1;938,2;938,1;;16;9,6;16,9;16;10,4;9,6;69;63;66;280;1,9;,9;
2023/06/22;0500 UTC;0;937,7;938,2;937,7;;16,1;10,2;16,7;15;10,4;9,6;72;64;68;23;2,4;,6;
2023/06/22;0600 UTC;0;937,3;937,7;937,2;;15,2;9,8;16,5;14,5;10,1;9,1;72;65;70;291;1,9;,6;
2023/06/22;0700 UTC;0;937,3;937,5;937,3;;14,3;9,7;15,2;13,8;10,3;9,5;77;70;74;331;2,1;,5;
2023/06/22;0800 UTC;0;937,6;937,7;937,3;;13,9;9,3;15,4;13,3;9,6;8,9;75;68;74;202;1,4;1,1;
2023/06/22;0900 UTC;0;938,1;938,1;937,5;;14,3;9,4;14,3;13;9,6;8,9;78;73;73;312;2,7;,6;
2023/06/22;1000 UTC;0;938,8;938,8;938,1;8,9;13,9;9,1;14,4;13,4;9,4;8,8;74;72;73;250;2,3;1,9;
2023/06/22;1100 UTC;0;939,4;939,4;938,8;394,4;16,8;10,5;17;13,6;10,5;9,2;76;62;66;334;2,3;,4;
2023/06/22;1200 UTC;0;939,9;939,9;939,4;1065,6;18,9;10;19,1;16,8;11,4;9;68;54;56;25;2,8;1,7;
2023/06/22;1300 UTC;0;940;940,1;939,9;1867,6;20,2;11,1;20,8;18,9;11,7;10,2;58;54;56;42;7,6;4,1;
2023/06/22;1400 UTC;0;939,7;940;939,7;2434,5;22;11,2;22,4;20,2;12;10,7;57;50;50;26;7,2;3,6;
2023/06/22;1500 UTC;0;939;939,7;939;2724,5;24,1;12,1;24,1;21,5;12,6;11,1;54;47;47;77;6,7;2,2;
2023/06/22;1600 UTC;0;937,9;939;937,9;2789,6;23,7;10,4;24,6;23,7;12,4;10,2;48;41;43;18;6,2;2,6;
2023/06/22;1700 UTC;0;937;937,9;937;2587,8;25,3;10,7;25,6;23,6;12,3;9,8;45;39;40;79;5,1;1,6;
2023/06/22;1800 UTC;0;936,2;937;936,2;2128,3;25,6;10,1;25,8;24,3;11;9,4;41;36;38;357;5,3;2,1;
2023/06/22;1900 UTC;0;936;936,2;936;1537,6;25,6;10,3;26;25,2;10,6;8,8;39;34;38;98;5;1,9;
2023/06/22;2000 UTC;0;936,1;936,1;936;193,2;24,9;9,9;26,1;24,8;10,4;8,9;40;35;39;101;4,4;1,4;
2023/06/22;2100 UTC;0;936,4;936,4;936,1;82,1;23;10,1;24,9;23;10,5;9,6;44;39;44;11;3,4;1,1;
2023/06/22;2200 UTC;0;936,8;936,8;936,4;;18,7;11,6;23;18,7;11,9;10,2;63;44;63;213;2,4;1,4;
2023/06/22;2300 UTC;0;937,3;937,3;936,8;;19,1;10,8;19,9;17,5;11,5;10,6;67;56;59;240;2,8;2,2;
2023/06/23;0000 UTC;0;937,6;937,6;937,2;;18,5;10,8;19,4;18,2;11;10,7;62;58;61;251;2,8;1,3;
2023/06/23;0100 UTC;0;937,6;937,7;937,6;;17,3;10,7;18,8;17,2;10,9;10,6;66;59;65;243;2,2;,8;
2023/06/23;0200 UTC;0;937,6;937,7;937,6;;16,5;11,4;17,4;16,1;11,6;10,4;73;65;72;297;2,2;,7;
2023/06/23;0300 UTC;0;937,5;937,7;937,4;;15,8;10,5;17,7;15,8;11,4;10,2;72;62;71;263;2,2;,9;
2023/06/23;0400 UTC;0;937,6;937,7;937,4;;15,3;10,4;16,3;12,8;11,2;8,3;80;70;72;245;6,7;2,3;
2023/06/23;0500 UTC;0;937;937,6;937;;15;10;16,4;15;10,5;9,8;72;66;72;249;3,8;1,4;
2023/06/23;0600 UTC;0;936,9;937,1;936,9;;15;10;15,9;13,7;10,3;9,3;77;68;72;226;3;1,2;
2023/06/23;0700 UTC;0;936,9;936,9;936,7;;15,2;9,7;15,6;14,4;10,2;9,5;73;69;70;230;2,8;2,3;
2023/06/23;0800 UTC;0;936,9;937;936,8;;14,3;9,5;15,6;13,7;9,9;9;74;68;73;237;2,8;1;
2023/06/23;0900 UTC;0;937,4;937,4;936,8;;14,3;9,6;15,3;13,9;9,8;9,2;74;69;74;238;2,2;1;
2023/06/23;1000 UTC;0;937,9;937,9;937,4;8,5;14,3;9,4;14,9;14,2;9,6;9,2;74;70;72;241;2,3;,6;
2023/06/23;1100 UTC;0;938,5;938,5;937,9;392,2;16,5;10,4;16,5;13,2;11;9;76;68;68;21;1,4;,4;
2023/06/23;1200 UTC;0;939,1;939,1;938,5;1062,1;19,5;10,7;19,5;16,5;11,6;9,6;70;54;57;52;4;2,1;
2023/06/23;1300 UTC;0;939,4;939,4;939,1;1849,1;20,8;11,1;20,8;19,5;11,5;10,2;58;53;54;49;5,5;3,4;
2023/06/23;1400 UTC;0;939,1;939,4;939;2423,2;22,3;11,5;22,5;20,6;12,1;10,9;55;50;51;50;8;4,1;
2023/06/23;1500 UTC;0;938,1;939;938,1;2729,9;23,6;11,9;23,6;21,6;11,9;11;53;47;48;11;7;3,1;
2023/06/23;1600 UTC;0;936,9;938,1;936,9;2811;24,6;10,1;24,8;23,3;12;10;48;39;40;17;7;2,7;
2023/06/23;1700 UTC;0;935,9;936,9;935,9;2624;24,7;8,4;25,4;24,4;11,4;8,2;42;35;36;10;6,2;2,9;
2023/06/23;1800 UTC;0;935,2;935,9;935,2;2153;25,8;8,8;26,2;24,7;10,2;8,3;39;33;34;52;6,3;2,3;
2023/06/23;1900 UTC;0;935,2;935,3;934,9;1461,7;25,4;8,9;26,1;24,9;9,7;7,9;37;32;35;54;5;1;
2023/06/23;2000 UTC;0;935,3;935,4;935,2;295,2;24,8;9;25,6;24,8;9,2;8,1;37;34;37;25;4,6;2,2;
2023/06/23;2100 UTC;0;936;936;935,3;123,5;23,2;9,3;24,8;23,2;9,4;8,7;41;36;41;352;4;1;
2023/06/23;2200 UTC;0;936,2;936,2;936;;18,9;11,5;23,2;18,5;12,1;9,3;65;41;62;184;1,8;,8;
2023/06/23;2300 UTC;0;937;937;936,2;;19;10,6;19,7;18,4;11,8;10,4;64;55;58;226;1,7;1,2;
2023/06/24;0000 UTC;0;937,2;937,3;936,9;;17,2;11,2;19,2;16,9;12,4;10,2;71;56;68;253;1,6;,5;
2023/06/24;0100 UTC;0;937,7;937,7;937,2;;17,9;10,8;18,9;17,2;11,5;10,4;68;58;63;249;1,7;,3;
2023/06/24;0200 UTC;0;937,4;937,7;937,2;;15,9;10,4;17,9;15,8;11,7;10,4;71;63;70;277;2;,9;
2023/06/24;0300 UTC;0;937,2;937,4;937,1;;16,3;10,6;18,1;15,8;10,9;10,2;70;62;69;349;1,9;,9;
2023/06/24;0400 UTC;0;937,1;937,3;937,1;;16,6;10,2;17,1;15,9;11,1;10,1;71;64;66;246;1,6;,3;
2023/06/24;0500 UTC;0;936,9;937,1;936,8;;15,8;10;17,2;15,8;10,7;10;70;64;69;221;2;1,3;
2023/06/24;0600 UTC;0;936,3;936,9;936,3;;14,1;10,1;16;13,5;10,6;9,3;79;68;77;241;2,8;1,1;
2023/06/24;0700 UTC;0;936,2;936,3;936,1;;14,9;10;15;13;10,5;9,7;81;73;73;221;3,2;2,2;
2023/06/24;0800 UTC;0;936,6;936,8;936,2;;14,3;10,2;15,4;13,1;10,5;9,1;80;71;76;242;3,2;1,2;
2023/06/24;0900 UTC;0;936,9;936,9;936,6;;14,7;9,7;15;14,2;10,2;9,7;76;71;72;241;3,3;1,6;
2023/06/24;1000 UTC;0;937,7;937,7;936,9;8,7;14,1;9,6;14,9;14;9,8;9,4;74;72;74;232;3,1;2,5;
2023/06/24;1100 UTC;0;938,4;938,4;937,7;418,5;17,3;10,5;17,3;14,1;10,7;9,6;75;64;64;217;3,1;1,2;
2023/06/24;1200 UTC;0;938,8;938,9;938,3;875,9;19,3;10,6;19,4;17,3;11,6;10,4;65;57;57;141;2;,4;
2023/06/24;1300 UTC;0;939,2;939,3;938,8;1501,2;21,1;10,7;21,5;19,2;11,6;10,3;60;51;51;41;5,7;2,6;
2023/06/24;1400 UTC;0;939,1;939,2;939;2041,9;22,7;11,2;23;21,1;11,9;10,6;53;47;48;30;5,9;3,1;
2023/06/24;1500 UTC;0;938,3;939,1;938,2;2398,1;23,3;11,2;23,5;22,2;12,1;10,9;51;46;46;9;8,5;4,1;
2023/06/24;1600 UTC;0;937,4;938,4;937,4;1968,9;23,7;11,2;24,5;22,9;12;10,7;48;44;45;46;6,7;2,9;
2023/06/24;1700 UTC;0;936,6;937,4;936,6;2324,6;25,7;10,5;25,7;23,7;12,3;9,7;47;37;39;47;5,6;2,2;
2023/06/24;1800 UTC;0;936;936,6;936;1407;25,5;9,9;25,7;24,7;10,8;9,2;41;36;37;98;5,4;1,9;
2023/06/24;1900 UTC;0;935,9;936;935,8;1353,7;25,2;8,2;26;25;9,9;8,1;38;33;34;150;4,4;,9;
2023/06/24;2000 UTC;0;936,5;936,5;935,9;403,3;23,8;10,2;25,4;23,7;10,9;7,8;44;34;42;152;2,5;,9;
2023/06/24;2100 UTC;0;936,7;936,9;936,5;89,8;21,5;12,3;23,8;21,5;12,8;9,7;56;41;56;224;1,9;1,2;
2023/06/24;2200 UTC;0;937,2;937,2;936,6;;19,7;11,2;21,5;19,7;12,8;11,1;62;54;58;233;2,7;2,2;
2023/06/24;2300 UTC;0;937,4;937,5;937,2;;19,5;10,9;20,3;19,4;11,2;10,8;58;55;58;198;3,3;,8;
2023/06/25;0000 UTC;0;937,7;937,7;937,4;;18,7;11;19,7;18,7;11,1;10,7;61;57;61;101;2,5;,6;
2023/06/25;0100 UTC;0;938;938;937,7;;18,5;11,7;19,3;18,5;11,7;11;65;59;65;1;2,3;,7;
2023/06/25;0200 UTC;0;937,9;938;937,8;;17,7;11,2;18,6;17,4;12;11,1;70;65;66;248;1,8;1,1;
2023/06/25;0300 UTC;0;937,7;937,9;937,6;;16,6;11,3;17,7;14,3;11,5;10;79;65;71;243;4,4;3,5;
2023/06/25;0400 UTC;0;937,9;937,9;937,5;;17,3;10,8;17,9;16,6;11,3;10,7;71;64;66;224;4,4;2,5;
2023/06/25;0500 UTC;0;937,6;938;937,6;;16,8;10,9;17,6;16,7;10,9;10,7;68;65;68;237;3,7;2;
2023/06/25;0600 UTC;0;937,2;937,6;937,2;;16,2;10,6;17,2;16,2;11;10,5;69;66;69;275;3,8;,8;
2023/06/25;0700 UTC;0;937,3;937,4;937,2;;16,5;10,4;16,8;16,1;10,7;10,4;69;67;67;237;3,2;1,9;
2023/06/25;0800 UTC;0;937,3;937,5;937,2;;15,9;10,2;16,7;15;10,7;10,1;73;66;69;238;3,5;1,9;
2023/06/25;0900 UTC;0;937,7;937,7;937,2;;15,2;10,1;16,4;15;10,5;9,9;73;68;72;227;3,1;2,5;
2023/06/25;1000 UTC;0;938,2;938,3;937,7;4,4;16,1;10;16,1;15,3;10,3;10;71;68;68;246;3,1;1,8;
2023/06/25;1100 UTC;0;938,7;938,7;938,1;289,4;17,1;10,6;17,1;16,1;10,7;9,9;68;65;66;234;2,6;1,7;
2023/06/25;1200 UTC;0;939,8;939,8;938,7;735,6;18,5;11;18,5;17,1;11;10,2;66;59;62;189;2,7;1,5;
2023/06/25;1300 UTC;0;940,3;940,3;939,8;1244,1;20,1;10,4;20,2;18,5;11,3;10;62;53;54;192;3,5;2,2;
2023/06/25;1400 UTC;0;940,2;940,4;940,2;1436,4;20,9;10,3;20,9;19,9;10,9;10;54;50;51;209;3,7;1,5;
2023/06/25;1500 UTC;0;939,3;940,3;939,3;1951,5;23,4;12,1;23,4;20,8;12,6;10,3;54;48;49;111;4,2;2,1;
2023/06/25;1600 UTC;0;938,2;939,3;938,2;1864,8;23,9;11,7;24,8;22,8;13;11,3;52;44;46;90;5,1;2,7;
2023/06/25;1700 UTC;0;937,6;938,2;937,6;1240,8;23,9;11,2;24,1;23,3;12;10,9;48;44;45;104;5,5;2,8;
2023/06/25;1800 UTC;0;937,4;937,6;937,3;825,9;23,7;12,3;24;23,5;12,4;11,2;49;44;49;111;4,9;1,7;
2023/06/25;1900 UTC;0;937,1;937,4;937,1;577,3;22,9;12,6;23,7;22,9;12,8;11,1;53;46;52;114;4;1,8;
2023/06/25;2000 UTC;0;937,2;937,2;937;337,9;21,8;12,9;22,9;21,8;13,2;12;58;51;57;119;3,1;1,4;
2023/06/25;2100 UTC;0;937,5;937,5;937,2;88,2;20,5;12,9;22;20,5;13,1;12,2;62;54;62;213;2;1,2;
2023/06/25;2200 UTC;0;937,7;937,7;937,4;;19,7;11,9;20,5;19,2;13,2;11,8;67;61;61;243;2,8;2;
2023/06/25;2300 UTC;0;938;938;937,7;;18,4;11,7;19,7;18,4;12,7;11,6;67;60;65;263;2,8;,7;
2023/06/26;0000 UTC;0;938,3;938,3;937,9;;16,7;12,1;18,4;15,1;12,1;10,5;76;65;74;197;2;1,3;
2023/06/26;0100 UTC;0;938,4;938,4;938,3;;17,6;11,6;17,7;16,7;12,1;11,4;74;68;68;228;2,4;1,6;
2023/06/26;0200 UTC;0;938,3;938,6;938,3;;17;11,5;18;17;12;11,4;70;68;70;217;3;2;
2023/06/26;0300 UTC;0;938,1;938,4;938,1;;17,6;11,5;18;17;12;11,4;70;66;68;195;3,4;1,8;
2023/06/26;0400 UTC;0;938,2;938,4;938,1;;16,5;11,4;17,6;16,4;11,6;11,2;72;67;72;219;3,7;1,8;
2023/06/26;0500 UTC;0;937,7;938,2;937,7;;16,6;11,1;16,8;16,4;11,4;11;72;70;70;207;3,3;2;
2023/06/26;0600 UTC;0;937,6;937,8;937,5;;16;10,8;16,6;15,8;11,1;10,8;72;70;71;220;3,2;1,9;
2023/06/26;0700 UTC;0;937,2;937,6;937,2;;15,6;10,9;16,3;15,6;11,2;10,7;74;71;73;230;2,4;,5;
2023/06/26;0800 UTC;0;937,4;937,4;937,2;;15,5;10,9;16,2;15,4;11,2;10,8;74;72;74;225;2,2;1,8;
2023/06/26;0900 UTC;0;937,8;937,8;937,4;;14,9;10,9;15,8;14,9;11,3;10,8;77;74;77;218;3,2;1,4;
2023/06/26;1000 UTC;0;938,1;938,1;937,8;3;14,4;11;15,5;14,4;11,1;10,8;80;75;80;354;1,9;,6;
2023/06/26;1100 UTC;0;938,6;938,6;938,1;295,8;17;11,6;17;14,4;11,9;10,9;80;71;71;141;1,3;,2;
2023/06/26;1200 UTC;0;939;939;938,6;979,6;19,9;12,7;19,9;16,9;13;11,6;72;63;63;60;3,6;1,7;
2023/06/26;1300 UTC;0;939,4;939,4;938,9;1848,7;21,2;12,3;21,6;19,9;12,9;12;63;55;57;44;8,1;3;
2023/06/26;1400 UTC;0;939,4;939,5;939,3;2394,4;23,3;12,3;23,3;21,1;12,9;11,5;58;49;50;62;8,3;4,1;
2023/06/26;1500 UTC;0;939;939,4;939;2687,3;23,4;11,8;24,3;23,1;12,9;11,7;51;47;48;57;7,5;3,6;
2023/06/26;1600 UTC;0;938,2;939;938,2;2830,2;25;12,5;25,4;23,2;13,1;11,6;50;44;46;49;7,3;2,8;
2023/06/26;1700 UTC;0;937,4;938,2;937,4;2850;26,1;12;26,7;25;13,3;11,2;46;40;42;77;8,3;3,9;
2023/06/26;1800 UTC;0;936,7;937,4;936,7;2196,4;26;10,4;26,7;25,5;12,1;9,4;41;35;38;17;8,4;2,8;
2023/06/26;1900 UTC;0;936,7;936,7;936,6;1497,6;25,9;9,7;26,7;25,7;11,1;9,4;39;35;36;66;7,4;3,2;
2023/06/26;2000 UTC;0;937;937;936,7;213,5;25,5;10,6;26,3;25,4;10,6;9,5;39;35;39;35;5,9;3;
2023/06/26;2100 UTC;0;937,1;937,1;937;80;22,7;11,5;25,5;22,7;11,5;10,5;49;39;49;108;5,2;1,2;
2023/06/26;2200 UTC;0;937,4;937,4;937,1;;21;11,7;22,9;21;12,1;11,6;55;49;55;207;1,9;1;
2023/06/26;2300 UTC;0;937,9;937,9;937,4;;20,6;11,4;21;20,2;11,7;11,4;57;55;56;228;1,9;,9;
2023/06/27;0000 UTC;0;938,2;938,2;937,9;;19,6;11,6;20,6;19,2;11,6;11,2;61;56;60;253;2,2;1,7;
2023/06/27;0100 UTC;0;938,3;938,3;938,2;;18,4;11,7;20;18,4;12,4;11,2;67;58;65;287;2,3;,8;
2023/06/27;0200 UTC;0;938,4;938,4;938,2;;17,9;11,5;18,6;17,4;12;11,3;68;65;66;270;1,7;,8;
2023/06/27;0300 UTC;0;938,3;938,4;938,2;;17,4;12,1;17,9;16,6;12,1;11,4;73;66;71;334;1,4;,4;
2023/06/27;0400 UTC;0;938,1;938,3;938,1;;16,6;11,3;17,5;16,3;12,1;11,3;74;70;71;253;1,2;,2;
2023/06/27;0500 UTC;0;937,9;938,3;937,9;;17,1;10,9;17,1;15;11,6;10,5;78;67;67;293;1,5;,9;
2023/06/27;0600 UTC;0;937,7;937,9;937,7;;15,8;10,8;17,5;15,8;11;10,5;72;65;72;307;1,5;,5;
2023/06/27;0700 UTC;0;937,6;937,7;937,5;;15,2;10,9;15,8;15;10,9;10,6;76;72;76;10;,8;,5;
2023/06/27;0800 UTC;0;937,6;937,7;937,6;;14,3;10,7;15,3;14;11;10,5;80;75;79;73;1;,4;
2023/06/27;0900 UTC;0;937,9;937,9;937,6;;14,4;10,7;15,7;14,2;11,4;10,5;80;74;78;273;1,8;,3;
2023/06/27;1000 UTC;0;938,5;938,5;938;6,4;15;10,9;15,2;14,4;11,3;10,6;79;76;76;221;1,6;,9;
2023/06/27;1100 UTC;0;939,2;939,2;938,5;325,2;17,4;12,1;17,4;14,9;12,5;10,8;78;69;71;186;1,2;,3;
2023/06/27;1200 UTC;0;939,9;940;939,2;1059,6;20,7;12,3;20,7;17,3;12,7;11,8;71;58;58;63;3,1;1,8;
2023/06/27;1300 UTC;0;939,9;940;939,8;1862,2;22,6;13,2;22,6;20,7;13,4;12,1;61;55;55;57;7,6;3,8;
2023/06/27;1400 UTC;0;939,6;939,9;939,6;2415,1;23,4;12,7;23,9;21,8;13,3;11,9;56;49;51;40;7,8;4,3;
2023/06/27;1500 UTC;0;939;939,6;939;2715,1;24,9;12,2;24,9;23,4;12,9;11,7;51;45;45;59;8,3;4,3;
2023/06/27;1600 UTC;0;938;939;938;2792,4;25,2;11,6;26,1;23,9;13;11,2;47;42;42;38;7,5;3,9;
2023/06/27;1700 UTC;0;937;937,9;937;2595;27;12;27,3;25,1;13,4;10,8;45;38;39;83;6,8;3,4;
2023/06/27;1800 UTC;0;936,3;937;936,3;2175;27,5;11,7;27,6;25,8;12,3;10,2;40;34;37;101;6,7;3,3;
2023/06/27;1900 UTC;0;936,1;936,3;936,1;1574,4;26,8;11,1;27,7;26,8;12,1;10,1;39;34;38;96;6,4;3,5;
2023/06/27;2000 UTC;0;936,2;936,2;936;208,8;25,9;11,2;27;25,9;11,9;9,9;40;35;40;94;5,8;2,5;
2023/06/27;2100 UTC;0;936,4;936,4;936,2;80,1;23,2;11,7;25,9;23,2;11,7;11,1;48;40;48;111;3,8;1,2;
2023/06/27;2200 UTC;0;936,8;936,8;936,4;;21,2;12,1;23,4;21,2;12,3;11,7;56;48;56;159;2;,8;
2023/06/27;2300 UTC;0;937;937;936,7;;20,6;11,7;21,6;20,6;12,1;11,4;57;53;57;121;1,4;,5;
2023/06/28;0000 UTC;0;937,4;937,4;937;;19,9;11,7;20,7;19,6;11,9;11,3;60;55;59;304;1,6;,4;
2023/06/28;0100 UTC;0;937,7;937,8;937,4;;19,2;11,5;20;19;11,7;11,3;63;58;61;242;1,6;1,2;
2023/06/28;0200 UTC;0;937,8;937,8;937,7;;17,9;11,7;19,3;17,6;12,3;11,3;69;60;67;281;2,5;,9;
2023/06/28;0300 UTC;0;937,8;937,9;937,8;;16,8;11,5;17,9;16,8;12,2;11,2;71;66;71;271;1,6;,5;
2023/06/28;0400 UTC;0;937,7;937,8;937,6;;16;11,2;17,3;16;12;11,1;73;69;73;188;1,6;,7;
2023/06/28;0500 UTC;0;937,7;937,8;937,6;;16,2;11,1;16,7;14,9;11,2;10,4;76;69;72;239;2,2;1,1;
2023/06/28;0600 UTC;0;937,5;937,7;937,5;;16,8;10,7;17;15,5;11,2;10,3;74;67;67;244;2,2;1,6;
2023/06/28;0700 UTC;0;937,5;937,5;937,4;;15,1;10,5;17;14,9;10,8;10,3;75;67;74;238;2;,8;
2023/06/28;0800 UTC;0;937,7;937,8;937,5;;16,7;9,7;16,8;15,1;10,8;9,7;74;63;63;343;1,5;,8;
2023/06/28;0900 UTC;0;938,2;938,2;937,7;;16,5;9,7;16,8;15,5;9,8;9,5;68;63;64;353;1,8;1,2;
2023/06/28;1000 UTC;0;938,7;938,7;938,2;6;16;10;17,3;15,8;10;9,4;68;61;67;344;2,3;1,1;
2023/06/28;1100 UTC;0;939,4;939,4;938,7;324,1;17,8;11,2;18,2;15,4;11,3;10;71;64;65;25;1,5;,4;
2023/06/28;1200 UTC;0;940,1;940,1;939,4;1064,9;20,8;11;20,8;17,8;12,2;10,7;67;53;53;119;2,1;1,2;
2023/06/28;1300 UTC;0;940,4;940,4;940,1;1844,9;22,9;10,7;22,9;20,8;12,2;9,9;56;45;46;94;4,4;2,1;
2023/06/28;1400 UTC;0;940,2;940,5;940,2;2411,2;23,9;10,9;23,9;22,5;11,7;10,1;47;44;44;56;5,3;2,5;
2023/06/28;1500 UTC;0;939,7;940,2;939,7;2712,7;24,4;10,6;24,8;23,1;12,4;10,5;48;42;42;41;5,4;2,4;
2023/06/28;1600 UTC;0;938,8;939,7;938,8;2780,4;26;9,6;26,2;24,4;11,9;9,5;44;35;36;49;5,6;1,7;
2023/06/28;1700 UTC;0;938;938,8;938;2609,6;26,7;9,1;26,9;25,3;10,2;7,5;37;31;33;193;6;1,2;
2023/06/28;1800 UTC;0;937,4;938;937,4;2165,2;26,3;8,2;27,4;26;9,7;7,3;34;30;32;173;5,9;2,4;
2023/06/28;1900 UTC;0;937,2;937,4;937,2;1566,7;26,5;8;27,1;26,2;8,6;7,2;32;29;31;136;5,6;2,3;
2023/06/28;2000 UTC;0;937,4;937,4;937,2;225,7;25,3;8,2;26,5;25,3;8,7;7,2;34;30;34;125;5,6;2,1;
2023/06/28;2100 UTC;0;937,8;937,8;937,4;81,3;21,7;10;25,3;21,7;10,3;7,8;47;33;47;230;4;2,1;
2023/06/28;2200 UTC;0;937,8;937,9;937,8;;21,8;9,1;21,8;21,2;10;9;48;44;44;248;2,8;2,2;
2023/06/28;2300 UTC;0;938,2;938,3;937,8;;20,8;9,2;21,8;20,6;9,2;8,9;47;44;47;263;2,7;1,7;
2023/06/29;0000 UTC;0;938,5;938,5;938,2;;18,9;9,6;21,1;18,8;10,5;9;59;46;55;305;2,8;,4;
2023/06/29;0100 UTC;0;938,9;938,9;938,4;;17,9;10,4;19,4;17,9;10,4;9,4;61;53;61;316;2,6;,9;
2023/06/29;0200 UTC;0;939;939,1;938,9;;16,8;10,7;17,9;16,8;10,9;10,4;67;62;67;75;1,9;,3;
2023/06/29;0300 UTC;0;939;939,1;938,9;;15,5;10,4;16,9;14,2;10,9;9,2;73;67;71;219;3,4;1,5;
2023/06/29;0400 UTC;0;938,9;939;938,8;;16,7;9,5;17,1;15,3;10,4;9,4;71;61;63;234;3,4;1,7;
2023/06/29;0500 UTC;0;938,2;938,9;938,2;;15,8;10,1;16,9;15,6;10,2;9,4;69;62;69;348;2,2;1,3;
2023/06/29;0600 UTC;0;938,1;938,3;938,1;;15,4;10,1;16,1;13,6;10,2;8,8;75;67;71;222;3,3;2;
2023/06/29;0700 UTC;0;937,9;938,1;937,9;;15,2;9,5;15,6;14,3;10,1;9,3;73;68;69;237;2,7;1,5;
2023/06/29;0800 UTC;0;938;938;937,9;;14,1;9,3;16,3;14,1;9,5;9,1;72;63;72;258;2,3;,5;
2023/06/29;0900 UTC;0;938,2;938,2;937,9;;14,5;9,6;14,8;13,9;9,7;9,2;74;71;72;297;1,5;,8;
2023/06/29;1000 UTC;0;938,9;938,9;938,2;6,8;14;9,5;14,6;13,3;9,6;9,1;77;72;74;231;2,2;1,4;
2023/06/29;1100 UTC;0;939,5;939,5;938,8;324,6;17,7;9,8;17,7;14;10,6;9,4;74;59;60;189;2,2;,2;
2023/06/29;1200 UTC;0;940,1;940,1;939,5;1068,4;20,6;10,9;20,6;17,6;11,7;9,5;67;53;54;184;1,8;,9;
2023/06/29;1300 UTC;0;940,1;940,2;940,1;1858,4;22,9;9,8;23,2;20,6;11,1;9,2;54;43;43;101;3,5;1,1;
2023/06/29;1400 UTC;0;939,8;940,1;939,8;2392,5;24,8;11,4;24,9;22,6;11,5;9,7;47;40;43;123;5,8;2,2;
2023/06/29;1500 UTC;0;939;939,8;939;2722,8;26,7;8,3;26,7;24,8;11;6,2;43;28;31;98;8,6;3,6;
2023/06/29;1600 UTC;0;938,3;939,1;938,3;2800,8;27;8;27,5;26;8,7;6,7;32;27;30;111;8,2;3;
2023/06/29;1700 UTC;0;937,4;938,3;937,4;2603,2;27,4;7,4;27,6;26,7;8,6;6,2;31;27;28;78;8,3;3,3;
2023/06/29;1800 UTC;0;936,8;937,5;936,8;2167,2;27,8;7,8;28;26,8;8,8;6,3;31;26;28;118;6,9;2,8;
2023/06/29;1900 UTC;0;936,5;936,8;936,5;1552,5;27,1;8,3;27,9;27,1;9;7,2;31;27;30;84;6,1;2,4;
2023/06/29;2000 UTC;0;936,9;936,9;936,5;246,8;26,5;8,6;27,2;26,5;9,1;7,5;33;29;32;97;5,1;1,4;
2023/06/29;2100 UTC;0;937;937;936,9;80,4;23,6;10;26,5;23,6;10;8,4;42;32;42;196;3,1;,8;
2023/06/29;2200 UTC;0;937,3;937,3;937;;21,6;9,8;23,6;21,6;10,3;9;47;41;47;249;2,4;1,3;
2023/06/29;2300 UTC;0;937,5;937,5;937,3;;20,4;10,7;21,6;20,4;10,9;9,4;54;46;54;335;2,3;,7;
2023/06/30;0000 UTC;0;938;938;937,5;;18,4;11,6;20,4;17,5;11,9;10,3;65;54;64;195;1,3;,4;
2023/06/30;0100 UTC;0;938,7;938,7;938;;17,4;10;20;15,6;11,6;9,1;70;51;62;172;2,7;1,5;
2023/06/30;0200 UTC;0;938,8;938,8;938,6;;19;10;20,2;17,3;10,3;9;62;49;56;213;2,9;1;
2023/06/30;0300 UTC;0;938,9;938,9;938,7;;18,7;9,5;19,9;18,4;10,2;8,9;57;49;55;233;3,6;,9;
2023/06/30;0400 UTC;0;938,7;938,9;938,7;;18,7;9,5;20;18,6;9,5;9,2;55;50;55;238;3,3;1,5;
2023/06/30;0500 UTC;0;938,3;938,7;938,3;;18,4;9,7;18,7;17,3;10;9,5;61;55;57;215;3,3;1,4;
2023/06/30;0600 UTC;0;937,9;938,3;937,9;;18,3;9,6;19;17,9;9,9;9,5;58;55;57;202;3,3;1,9;
2023/06/30;0700 UTC;0;937,8;937,9;937,7;;17,3;9,4;18,5;17,3;9,6;9,3;60;56;60;224;3,3;1,2;
2023/06/30;0800 UTC;0;938,1;938,1;937,8;;16,8;9,6;17,7;16,4;9,7;9,3;64;58;62;311;1,9;,5;
2023/06/30;0900 UTC;;;;;;;;;;;;;;;;;;
2023/06/30;1000 UTC;0;939,5;939,5;938,6;8,3;16;9,3;16;15,3;10,1;9,3;69;64;64;204;1;,7;
2023/06/30;1100 UTC;0;940,4;940,4;939,5;383,4;18,7;9,9;18,7;16;10,2;9,1;65;55;57;203;1,7;1;
2023/06/30;1200 UTC;0;941,1;941,1;940,4;1055;20,8;10,1;20,8;18,7;10,5;9,2;58;50;50;155;4,5;2,2;
2023/06/30;1300 UTC;0;941,2;941,3;941,1;1818,5;23,2;12,1;23,3;20,4;12,4;9,6;53;48;50;96;5,4;2,5;
2023/06/30;1400 UTC;0;940,8;941,2;940,7;2360,2;24,3;12,7;24,9;23,2;13,6;11,9;51;47;48;74;8,8;4,3;
2023/06/30;1500 UTC;0;940,2;940,8;940,2;2686,7;25,1;12,8;25,2;23,9;13,6;12,3;51;46;46;75;9,7;4,8;
2023/06/30;1600 UTC;0;939;940,2;939;2771,3;26;13;26,7;24,5;13,9;12,7;50;43;45;80;8,4;3,9;
2023/06/30;1700 UTC;0;938;939;938;2355,8;26,9;13,1;27,1;25,3;14,4;12,6;47;42;43;102;7,5;2,2;
2023/06/30;1800 UTC;0;937,3;938;937,3;1199,5;25,6;13,1;27,5;24,9;14,3;12,4;48;41;46;93;6;1,8;
2023/06/30;1900 UTC;0;937;937,3;937;1422,4;26,7;12,4;27,7;25,2;13,9;12,1;48;39;41;83;5,6;2,3;
2023/06/30;2000 UTC;0;937,2;937,3;937;374;26;11,8;27,1;26;13;11,7;42;40;41;164;5,6;1,9;
2023/06/30;2100 UTC;0;937,8;937,8;937,2;103,6;23,6;12,9;26;23,6;12,9;11,6;51;41;51;170;4,9;1,9;
2023/06/30;2200 UTC;0;938;938;937,7;;20,9;13,1;23,5;20,9;13,5;12,8;61;51;61;223;3,8;1,8;
2023/06/30;2300 UTC;0;938,4;938,4;938;;20,7;12,7;21,5;20,7;13,1;12,6;61;58;60;262;2,6;1;
